Northing	Easting	Altitude	Date	Time	DOP	Satelites	Cond.1[mS/m]	Inph.1[ppt]	Cond.2[mS/m]	Inph.2[ppt]	Cond.3[mS/m]	Inph.3[ppt]	Inv.Cond.1[mS/m]	Inv.Cond.2[mS/m]	Inv.Thick [m]	Inv.RMS[%]	Note
5085375.16	659482.44	364.60	11/07/2025	15:17:03.72	1.1	08	2.02	2.37	4.62	3.04	7.78	3.87	0.09	83.15	2.2	6.9
5085375.14	659482.44	364.59	11/07/2025	15:17:04.25	1.1	08	1.68	2.39	4.52	3.05	7.76	3.85	0.09	74.32	2.0	10.5
5085375.12	659482.44	364.58	11/07/2025	15:17:04.77	1.1	08	1.63	2.38	4.35	3.05	7.73	3.86	0.09	71.57	2.0	13.9
5085375.10	659482.44	364.57	11/07/2025	15:17:05.22	1.1	08	1.86	2.38	4.44	3.04	7.80	3.84	0.09	83.36	2.2	6.4
5085375.08	659482.44	364.56	11/07/2025	15:17:05.75	1.1	08	1.80	2.38	4.45	3.04	7.69	3.86	0.09	73.65	2.0	10.4
5085375.06	659482.44	364.54	11/07/2025	15:17:06.20	1.1	08	1.74	2.38	4.50	3.04	7.83	3.84	0.09	74.99	2.0	9.2
5085375.04	659482.44	364.53	11/07/2025	15:17:06.72	1.1	08	1.79	2.38	4.47	3.05	7.94	3.85	0.09	76.04	2.0	8.3
5085375.02	659482.45	364.52	11/07/2025	15:17:07.25	1.1	08	1.67	2.40	4.44	3.05	7.58	3.85	0.09	72.59	2.0	10.2
5085375.00	659482.45	364.51	11/07/2025	15:17:07.70	1.1	08	1.81	2.35	4.48	3.04	7.48	3.83	0.09	42.31	1.4	8.4
5085374.98	659482.45	364.50	11/07/2025	15:17:08.22	1.1	08	1.52	2.36	4.51	3.04	7.60	3.84	0.09	70.36	2.0	14.0
5085374.98	659482.38	364.50	11/07/2025	15:17:08.75	1.1	08	0.58	2.41	4.51	3.05	7.21	3.83	-1.00	-1.00	-1.0	-1.0
5085374.97	659482.32	364.50	11/07/2025	15:17:09.20	1.1	08	0.80	2.40	4.06	3.04	6.82	3.78	-1.00	-1.00	-1.0	-1.0
5085374.69	659482.26	364.40	11/07/2025	15:17:09.73	1.1	08	1.68	2.36	3.63	2.95	6.75	3.72	0.11	79.54	2.4	5.2
5085374.42	659482.20	364.30	11/07/2025	15:17:10.25	1.1	08	0.48	2.39	3.80	3.02	6.59	3.75	-1.00	-1.00	-1.0	-1.0
5085374.04	659482.15	364.25	11/07/2025	15:17:10.70	1.1	08	0.24	2.42	3.32	3.03	6.42	3.75	-1.00	-1.00	-1.0	-1.0
5085373.67	659482.09	364.20	11/07/2025	15:17:11.22	1.1	08	0.33	2.37	3.44	3.00	6.40	3.74	-1.00	-1.00	-1.0	-1.0
5085373.11	659481.98	364.20	11/07/2025	15:17:11.75	1.1	08	-1.67	2.38	3.29	3.02	6.28	3.69	-1.00	-1.00	-1.0	-1.0
5085372.55	659481.86	364.20	11/07/2025	15:17:12.20	1.1	08	0.12	2.41	3.47	3.00	6.39	3.62	-1.00	-1.00	-1.0	-1.0
5085372.09	659481.74	364.15	11/07/2025	15:17:12.72	1.1	08	0.15	2.41	3.76	2.93	6.50	3.58	-1.00	-1.00	-1.0	-1.0
5085371.62	659481.63	364.10	11/07/2025	15:17:13.25	1.1	08	-0.01	2.39	3.47	2.94	6.30	3.61	-1.00	-1.00	-1.0	-1.0
5085371.15	659481.51	364.10	11/07/2025	15:17:13.70	1.1	08	0.10	2.39	3.47	3.02	6.42	3.70	-1.00	-1.00	-1.0	-1.0
5085370.69	659481.39	364.10	11/07/2025	15:17:14.22	1.1	08	-0.06	2.39	3.62	3.05	6.35	3.75	-1.00	-1.00	-1.0	-1.0
5085370.13	659481.28	363.95	11/07/2025	15:17:14.75	1.1	08	-0.16	2.43	3.52	3.05	6.46	3.73	-1.00	-1.00	-1.0	-1.0
5085369.57	659481.16	363.80	11/07/2025	15:17:15.20	1.1	08	-0.11	2.44	3.67	3.04	6.65	3.73	-1.00	-1.00	-1.0	-1.0
5085368.92	659480.99	363.70	11/07/2025	15:17:15.72	1.1	08	-0.44	2.43	3.90	3.04	6.67	3.67	-1.00	-1.00	-1.0	-1.0
5085368.26	659480.81	363.60	11/07/2025	15:17:16.25	1.1	08	0.03	2.43	3.66	3.01	6.51	3.68	-1.00	-1.00	-1.0	-1.0
5085367.71	659480.69	363.55	11/07/2025	15:17:16.70	1.1	08	0.12	2.38	3.81	2.97	6.65	3.65	-1.00	-1.00	-1.0	-1.0
5085367.15	659480.58	363.50	11/07/2025	15:17:17.22	1.1	08	-0.02	2.41	3.52	2.99	6.43	3.65	-1.00	-1.00	-1.0	-1.0
5085366.59	659480.53	363.45	11/07/2025	15:17:17.75	1.1	08	0.47	2.39	3.72	2.96	6.45	3.67	-1.00	-1.00	-1.0	-1.0
5085366.03	659480.48	363.40	11/07/2025	15:17:18.20	1.1	08	0.15	2.40	3.61	3.03	6.16	3.72	-1.00	-1.00	-1.0	-1.0
5085365.47	659480.30	363.40	11/07/2025	15:17:18.72	1.1	08	0.23	2.39	3.39	3.02	6.01	3.73	-1.00	-1.00	-1.0	-1.0
5085364.91	659480.12	363.40	11/07/2025	15:17:19.25	1.1	08	0.87	2.38	3.74	3.01	6.12	3.75	0.10	40.09	1.6	29.1
5085364.26	659479.94	363.40	11/07/2025	15:17:19.70	1.1	08	1.71	2.40	3.61	3.05	6.00	3.80	0.10	28.20	1.2	3.9
5085363.61	659479.76	363.40	11/07/2025	15:17:20.23	1.1	08	0.47	2.39	3.26	3.10	5.73	3.84	-1.00	-1.00	-1.0	-1.0
5085362.95	659479.65	363.40	11/07/2025	15:17:20.75	1.1	08	-0.15	2.42	3.02	3.10	5.50	3.83	-1.00	-1.00	-1.0	-1.0
5085362.30	659479.54	363.40	11/07/2025	15:17:21.20	1.1	08	-0.33	2.42	2.58	3.07	5.49	3.81	-1.00	-1.00	-1.0	-1.0
5085361.74	659479.42	363.40	11/07/2025	15:17:21.72	1.1	08	-0.60	2.41	2.73	3.08	5.08	3.79	-1.00	-1.00	-1.0	-1.0
5085361.18	659479.31	363.40	11/07/2025	15:17:22.25	1.1	08	0.13	2.43	2.71	3.08	5.10	3.81	-1.00	-1.00	-1.0	-1.0
5085360.53	659479.13	363.40	11/07/2025	15:17:22.70	1.1	08	0.31	2.39	2.80	3.06	5.03	3.80	-1.00	-1.00	-1.0	-1.0
5085359.88	659478.95	363.40	11/07/2025	15:17:23.22	1.1	08	-1.41	2.44	2.33	3.12	4.80	3.84	-1.00	-1.00	-1.0	-1.0
5085359.32	659478.78	363.40	11/07/2025	15:17:23.75	1.1	08	-0.91	2.43	1.95	3.08	4.78	3.81	-1.00	-1.00	-1.0	-1.0
5085358.76	659478.60	363.40	11/07/2025	15:17:24.20	1.1	08	-0.94	2.43	2.25	3.10	4.51	3.79	-1.00	-1.00	-1.0	-1.0
5085358.11	659478.48	363.45	11/07/2025	15:17:24.72	1.1	08	-1.07	2.45	2.05	3.12	4.59	3.82	-1.00	-1.00	-1.0	-1.0
5085357.45	659478.37	363.50	11/07/2025	15:17:25.25	1.1	08	-0.64	2.41	2.02	3.09	4.43	3.80	-1.00	-1.00	-1.0	-1.0
5085356.89	659478.19	363.50	11/07/2025	15:17:25.70	1.1	08	-0.54	2.42	1.74	3.09	4.25	3.83	-1.00	-1.00	-1.0	-1.0
5085356.33	659478.01	363.50	11/07/2025	15:17:26.22	1.1	08	-0.78	2.40	2.02	3.08	4.41	3.82	-1.00	-1.00	-1.0	-1.0
5085355.68	659477.90	363.50	11/07/2025	15:17:26.75	1.1	08	-1.37	2.42	1.99	3.07	4.38	3.79	-1.00	-1.00	-1.0	-1.0
5085355.03	659477.79	363.50	11/07/2025	15:17:27.20	1.1	08	-1.22	2.43	1.63	3.06	4.43	3.79	-1.00	-1.00	-1.0	-1.0
5085354.47	659477.61	363.50	11/07/2025	15:17:27.72	1.1	08	-1.07	2.42	1.97	3.07	4.37	3.78	-1.00	-1.00	-1.0	-1.0
5085353.91	659477.43	363.50	11/07/2025	15:17:28.25	1.1	08	-1.05	2.43	1.97	3.10	4.38	3.83	-1.00	-1.00	-1.0	-1.0
5085353.26	659477.25	363.50	11/07/2025	15:17:28.70	1.1	08	-0.57	2.41	1.97	3.07	4.60	3.80	-1.00	-1.00	-1.0	-1.0
5085352.60	659477.07	363.50	11/07/2025	15:17:29.22	1.1	08	-0.97	2.44	2.34	3.09	4.96	3.70	-1.00	-1.00	-1.0	-1.0
5085351.95	659476.96	363.50	11/07/2025	15:17:29.75	1.1	08	-0.64	2.43	2.46	3.04	5.28	3.58	-1.00	-1.00	-1.0	-1.0
5085351.30	659476.85	363.50	11/07/2025	15:17:30.20	1.1	08	-1.15	2.42	2.55	3.00	5.30	3.45	-1.00	-1.00	-1.0	-1.0
5085350.65	659476.73	363.55	11/07/2025	15:17:30.73	1.1	08	-0.68	2.41	2.68	2.97	5.53	3.43	-1.00	-1.00	-1.0	-1.0
5085350.00	659476.62	363.60	11/07/2025	15:17:31.25	1.1	08	-0.69	2.43	2.93	2.98	5.61	3.43	-1.00	-1.00	-1.0	-1.0
5085349.44	659476.44	363.60	11/07/2025	15:17:31.70	1.1	08	-0.66	2.44	2.91	2.96	5.67	3.38	-1.00	-1.00	-1.0	-1.0
5085348.88	659476.26	363.60	11/07/2025	15:17:32.22	1.1	08	-0.48	2.40	2.97	2.91	5.67	3.36	-1.00	-1.00	-1.0	-1.0
5085348.41	659476.15	363.60	11/07/2025	15:17:32.75	1.1	08	-0.76	2.43	3.04	2.97	5.62	3.46	-1.00	-1.00	-1.0	-1.0
5085347.94	659476.03	363.60	11/07/2025	15:17:33.20	1.1	08	-0.26	2.43	3.21	3.03	5.80	3.62	-1.00	-1.00	-1.0	-1.0
5085347.38	659475.85	363.60	11/07/2025	15:17:33.72	1.1	08	0.86	2.41	2.78	3.11	6.04	3.67	0.00	71.67	2.6	28.0
5085346.82	659475.67	363.60	11/07/2025	15:17:34.25	1.1	08	3.72	2.39	4.29	2.98	5.47	3.76	3.19	12.31	1.1	4.0
5085346.36	659475.55	363.60	11/07/2025	15:17:34.70	1.1	08	6.19	2.37	0.81	3.15	5.19	3.80	-1.00	-1.00	-1.0	-1.0
5085345.89	659475.43	363.60	11/07/2025	15:17:35.22	1.1	08	1.91	2.38	4.35	2.99	6.21	3.69	0.41	19.04	0.8	5.5
5085345.42	659475.25	363.60	11/07/2025	15:17:35.75	1.1	08	0.81	2.38	3.60	3.01	5.88	3.70	-1.00	-1.00	-1.0	-1.0
5085344.95	659475.07	363.60	11/07/2025	15:17:36.20	1.1	08	0.71	2.36	3.65	3.00	5.97	3.70	-1.00	-1.00	-1.0	-1.0
5085344.40	659474.96	363.60	11/07/2025	15:17:36.73	1.1	08	0.69	2.36	3.30	2.99	5.77	3.68	-1.00	-1.00	-1.0	-1.0
5085343.84	659474.84	363.60	11/07/2025	15:17:37.25	1.1	08	1.28	2.31	3.45	2.96	5.84	3.67	0.10	52.07	2.0	10.4
5085343.28	659474.73	363.55	11/07/2025	15:17:37.70	1.1	08	1.07	2.36	3.34	3.01	5.61	3.70	0.09	51.14	2.1	15.6
5085342.72	659474.61	363.50	11/07/2025	15:17:38.22	1.1	08	0.52	2.36	2.95	2.99	5.51	3.73	-1.00	-1.00	-1.0	-1.0
5085342.25	659474.43	363.50	11/07/2025	15:17:38.67	1.1	08	0.30	2.37	2.72	3.02	5.26	3.72	-1.00	-1.00	-1.0	-1.0
5085341.78	659474.25	363.50	11/07/2025	15:17:39.20	1.1	08	0.01	2.39	2.94	3.02	5.32	3.71	-1.00	-1.00	-1.0	-1.0
5085341.22	659474.13	363.50	11/07/2025	15:17:39.72	1.1	08	0.00	2.37	2.94	3.00	5.29	3.70	-1.00	-1.00	-1.0	-1.0
5085340.67	659474.02	363.50	11/07/2025	15:17:40.18	1.1	08	-0.28	2.40	2.73	3.04	5.30	3.71	-1.00	-1.00	-1.0	-1.0
5085340.20	659473.90	363.50	11/07/2025	15:17:40.70	1.1	08	0.28	2.40	2.96	3.03	5.41	3.70	-1.00	-1.00	-1.0	-1.0
5085339.73	659473.78	363.50	11/07/2025	15:17:41.23	1.1	08	0.41	2.38	3.20	2.99	5.70	3.70	-1.00	-1.00	-1.0	-1.0
5085339.17	659473.67	363.45	11/07/2025	15:17:41.67	1.1	08	0.67	2.36	3.15	2.97	5.62	3.69	-1.00	-1.00	-1.0	-1.0
5085338.62	659473.55	363.40	11/07/2025	15:17:42.20	1.1	08	0.61	2.36	3.30	3.00	5.75	3.71	-1.00	-1.00	-1.0	-1.0
5085338.06	659473.44	363.40	11/07/2025	15:17:42.72	1.1	08	0.45	2.37	3.41	3.02	5.76	3.73	-1.00	-1.00	-1.0	-1.0
5085337.50	659473.32	363.40	11/07/2025	15:17:43.17	1.1	08	1.20	2.27	3.51	2.93	6.01	3.69	0.10	54.79	2.1	13.3
5085337.03	659473.20	363.35	11/07/2025	15:17:43.70	1.1	08	1.11	2.35	3.61	3.01	5.86	3.72	0.10	37.80	1.6	21.8
5085336.57	659473.09	363.30	11/07/2025	15:17:44.22	1.1	08	0.54	2.39	3.64	3.00	6.22	3.74	-1.00	-1.00	-1.0	-1.0
5085336.01	659472.97	363.30	11/07/2025	15:17:44.67	1.1	08	0.90	2.37	3.71	3.01	6.33	3.72	0.11	54.12	2.0	29.5
5085335.45	659472.86	363.30	11/07/2025	15:17:45.20	1.1	08	1.00	2.39	3.81	3.02	6.39	3.71	0.11	56.98	2.1	24.5
5085334.89	659472.81	363.30	11/07/2025	15:17:45.72	1.1	08	1.38	2.36	3.83	2.98	6.53	3.72	0.11	59.53	2.1	15.2
5085334.33	659472.76	363.30	11/07/2025	15:17:46.17	1.1	08	1.31	2.36	4.07	3.01	6.48	3.72	0.11	49.90	1.8	14.6
5085333.77	659472.64	363.30	11/07/2025	15:17:46.70	1.1	08	1.54	2.35	3.96	2.98	6.39	3.70	0.11	33.44	1.3	7.3
5085333.22	659472.53	363.30	11/07/2025	15:17:47.22	1.1	08	1.47	2.35	4.13	2.97	6.43	3.65	0.11	36.22	1.4	11.2
5085332.66	659472.35	363.30	11/07/2025	15:17:47.67	1.1	08	1.02	2.37	3.94	2.98	6.55	3.65	0.11	42.90	1.6	26.6
5085332.09	659472.17	363.30	11/07/2025	15:17:48.20	1.1	08	0.57	2.38	3.99	2.98	6.56	3.63	-1.00	-1.00	-1.0	-1.0
5085331.54	659472.05	363.30	11/07/2025	15:17:48.72	1.1	08	1.04	2.35	4.14	2.95	6.81	3.61	0.11	44.61	1.6	26.9
5085330.98	659471.94	363.30	11/07/2025	15:17:49.17	1.1	08	1.54	2.31	4.33	2.90	7.05	3.57	0.12	39.72	1.4	12.2
5085330.42	659471.82	363.35	11/07/2025	15:17:49.70	1.1	08	1.50	2.33	4.03	2.93	6.86	3.58	0.11	61.17	2.0	10.5
5085329.86	659471.71	363.40	11/07/2025	15:17:50.22	1.1	08	0.82	2.36	3.64	2.94	6.84	3.57	-1.00	-1.00	-1.0	-1.0
5085329.30	659471.59	363.40	11/07/2025	15:17:50.67	1.1	08	0.65	2.38	3.99	2.93	6.54	3.57	-1.00	-1.00	-1.0	-1.0
5085328.74	659471.48	363.40	11/07/2025	15:17:51.20	1.1	08	0.96	2.28	4.03	2.93	6.81	3.58	0.11	58.23	2.0	30.1
5085328.18	659471.30	363.40	11/07/2025	15:17:51.72	1.1	08	1.47	2.27	4.25	2.86	7.03	3.57	0.12	54.13	1.8	17.2
5085327.62	659471.12	363.40	11/07/2025	15:17:52.17	1.1	08	0.81	2.38	3.93	2.98	6.71	3.61	-1.00	-1.00	-1.0	-1.0
5085327.06	659471.00	363.40	11/07/2025	15:17:52.70	1.1	08	0.39	2.40	3.86	2.98	6.90	3.66	-1.00	-1.00	-1.0	-1.0
5085326.50	659470.89	363.40	11/07/2025	15:17:53.22	1.1	08	0.23	2.42	3.96	3.02	6.70	3.67	-1.00	-1.00	-1.0	-1.0
5085326.04	659470.71	363.40	11/07/2025	15:17:53.67	1.1	08	-0.06	2.44	3.56	3.02	6.53	3.68	-1.00	-1.00	-1.0	-1.0
5085325.57	659470.53	363.40	11/07/2025	15:17:54.19	1.1	08	0.27	2.39	3.54	2.99	6.56	3.67	-1.00	-1.00	-1.0	-1.0
5085325.10	659470.34	363.45	11/07/2025	15:17:54.72	1.1	08	-0.02	2.42	3.65	3.02	6.40	3.69	-1.00	-1.00	-1.0	-1.0
5085324.63	659470.16	363.50	11/07/2025	15:17:55.17	1.1	08	-0.10	2.42	3.29	3.00	6.53	3.70	-1.00	-1.00	-1.0	-1.0
5085324.17	659470.04	363.45	11/07/2025	15:17:55.69	1.1	08	0.00	2.42	3.67	3.03	6.50	3.69	-1.00	-1.00	-1.0	-1.0
5085323.70	659469.93	363.40	11/07/2025	15:17:56.22	1.1	08	0.25	2.41	3.88	3.05	6.71	3.70	-1.00	-1.00	-1.0	-1.0
5085323.23	659469.81	363.40	11/07/2025	15:17:56.67	1.1	08	1.28	2.37	4.45	3.00	6.93	3.67	0.12	44.70	1.6	20.9
5085322.77	659469.69	363.40	11/07/2025	15:17:57.19	1.1	08	0.73	2.42	4.01	3.03	6.72	3.69	-1.00	-1.00	-1.0	-1.0
5085322.49	659469.70	363.40	11/07/2025	15:17:57.72	1.1	08	0.72	2.43	3.71	3.03	6.49	3.69	-1.00	-1.00	-1.0	-1.0
5085322.21	659469.71	363.40	11/07/2025	15:17:58.17	1.1	08	0.21	2.45	3.60	3.03	6.58	3.69	-1.00	-1.00	-1.0	-1.0
5085322.12	659469.77	363.40	11/07/2025	15:17:58.69	1.1	08	-2.52	2.46	3.46	3.04	6.31	3.69	-1.00	-1.00	-1.0	-1.0
5085322.03	659469.84	363.40	11/07/2025	15:17:59.22	1.1	08	-17.78	2.37	3.61	3.05	6.50	3.68	-1.00	-1.00	-1.0	-1.0
5085322.00	659469.91	363.40	11/07/2025	15:17:59.67	1.1	08	-7.95	2.47	3.47	3.05	6.52	3.69	-1.00	-1.00	-1.0	-1.0
5085321.97	659469.97	363.40	11/07/2025	15:18:00.19	1.1	08	-1.85	2.49	3.33	3.06	6.54	3.70	-1.00	-1.00	-1.0	-1.0
5085321.94	659470.04	363.40	11/07/2025	15:18:00.72	1.1	08	-1.87	2.43	3.39	3.06	6.47	3.70	-1.00	-1.00	-1.0	-1.0
5085321.91	659470.10	363.40	11/07/2025	15:18:01.17	1.1	08	-0.15	2.45	3.32	3.00	6.50	3.68	-1.00	-1.00	-1.0	-1.0
5085321.88	659470.17	363.40	11/07/2025	15:18:01.70	1.1	08	-1.32	2.42	3.63	3.04	6.43	3.68	-1.00	-1.00	-1.0	-1.0
5085321.85	659470.23	363.40	11/07/2025	15:18:02.22	1.1	08	-1.27	2.34	3.65	2.97	6.37	3.64	-1.00	-1.00	-1.0	-1.0
5085321.77	659470.56	363.40	11/07/2025	15:18:02.67	1.1	08	-3.85	2.28	3.36	2.96	6.30	3.61	-1.00	-1.00	-1.0	-1.0
5085321.69	659470.88	363.40	11/07/2025	15:18:03.19	1.1	08	0.38	2.36	3.49	2.98	6.25	3.63	-1.00	-1.00	-1.0	-1.0
5085321.69	659471.08	363.40	11/07/2025	15:18:03.72	1.1	08	0.32	2.33	3.52	2.97	6.53	3.62	-1.00	-1.00	-1.0	-1.0
5085321.70	659471.27	363.40	11/07/2025	15:18:04.17	1.1	08	-2.12	2.31	3.28	2.97	6.50	3.63	-1.00	-1.00	-1.0	-1.0
5085321.88	659471.40	363.40	11/07/2025	15:18:04.69	1.1	08	-0.11	2.38	3.60	2.97	6.77	3.63	-1.00	-1.00	-1.0	-1.0
5085322.07	659471.52	363.40	11/07/2025	15:18:05.22	1.1	08	1.01	2.32	3.67	2.93	6.84	3.63	0.11	58.48	2.0	31.2
5085322.45	659471.71	363.40	11/07/2025	15:18:05.67	1.1	08	1.35	2.30	4.40	2.94	7.35	3.63	0.09	47.65	1.5	22.0
5085322.82	659471.89	363.40	11/07/2025	15:18:06.20	1.1	08	1.72	2.35	4.41	2.95	7.42	3.64	0.09	71.06	2.0	11.0
5085323.29	659472.14	363.45	11/07/2025	15:18:06.72	1.1	08	2.46	2.29	4.63	2.90	7.49	3.62	0.44	32.81	1.1	3.1
5085323.76	659472.38	363.50	11/07/2025	15:18:07.18	1.1	08	1.86	2.31	4.50	2.93	7.14	3.59	0.12	37.37	1.3	6.5
5085324.32	659472.56	363.50	11/07/2025	15:18:07.70	1.1	08	1.45	2.34	4.02	2.92	7.11	3.60	0.12	64.82	2.1	13.0
5085324.88	659472.74	363.50	11/07/2025	15:18:08.22	1.1	08	1.29	2.27	4.02	2.89	6.99	3.56	0.12	63.73	2.1	19.0
5085325.45	659472.99	363.55	11/07/2025	15:18:08.67	1.1	08	1.58	2.28	4.31	2.88	7.30	3.55	0.09	69.91	2.0	11.1
5085326.01	659473.23	363.60	11/07/2025	15:18:09.20	1.1	08	2.76	2.25	4.97	2.82	7.54	3.52	0.80	33.83	1.2	3.6
5085326.66	659473.34	363.60	11/07/2025	15:18:09.72	1.1	08	4.46	2.34	5.17	2.89	7.44	3.52	3.43	405.82	4.9	6.7
5085327.31	659473.46	363.60	11/07/2025	15:18:10.18	1.1	08	0.49	2.40	3.71	2.93	6.88	3.59	-1.00	-1.00	-1.0	-1.0
5085327.78	659473.57	363.60	11/07/2025	15:18:10.70	1.1	08	-0.40	2.45	3.38	3.00	6.74	3.61	-1.00	-1.00	-1.0	-1.0
5085328.24	659473.69	363.60	11/07/2025	15:18:11.22	1.1	08	-0.97	2.47	3.51	2.98	6.77	3.59	-1.00	-1.00	-1.0	-1.0
5085328.80	659473.81	363.60	11/07/2025	15:18:11.67	1.1	08	-1.00	2.46	3.45	2.98	6.69	3.56	-1.00	-1.00	-1.0	-1.0
5085329.36	659473.92	363.60	11/07/2025	15:18:12.20	1.1	08	-0.98	2.44	3.48	2.98	6.55	3.58	-1.00	-1.00	-1.0	-1.0
5085329.92	659474.04	363.60	11/07/2025	15:18:12.65	1.1	08	-1.06	2.47	3.32	3.00	6.68	3.60	-1.00	-1.00	-1.0	-1.0
5085330.48	659474.15	363.60	11/07/2025	15:18:13.17	1.1	08	-1.00	2.46	3.35	2.99	6.73	3.59	-1.00	-1.00	-1.0	-1.0
5085331.04	659474.20	363.65	11/07/2025	15:18:13.70	1.1	08	-0.80	2.44	3.57	2.99	6.58	3.59	-1.00	-1.00	-1.0	-1.0
5085331.59	659474.25	363.70	11/07/2025	15:18:14.15	1.1	08	0.11	2.41	3.80	2.98	6.59	3.64	-1.00	-1.00	-1.0	-1.0
5085332.15	659474.43	363.75	11/07/2025	15:18:14.67	1.1	08	0.18	2.40	3.84	2.98	6.40	3.66	-1.00	-1.00	-1.0	-1.0
5085332.71	659474.61	363.80	11/07/2025	15:18:15.20	1.1	08	0.29	2.41	3.59	3.00	6.37	3.71	-1.00	-1.00	-1.0	-1.0
5085333.27	659474.79	363.80	11/07/2025	15:18:15.65	1.1	08	-0.28	2.44	3.55	3.04	6.21	3.73	-1.00	-1.00	-1.0	-1.0
5085333.83	659474.97	363.80	11/07/2025	15:18:16.17	1.1	08	0.05	2.43	3.40	3.03	6.17	3.70	-1.00	-1.00	-1.0	-1.0
5085334.40	659475.15	363.85	11/07/2025	15:18:16.70	1.1	08	0.15	2.41	3.67	3.01	6.14	3.71	-1.00	-1.00	-1.0	-1.0
5085334.96	659475.33	363.90	11/07/2025	15:18:17.15	1.1	08	-0.09	2.43	3.45	3.03	6.09	3.71	-1.00	-1.00	-1.0	-1.0
5085335.61	659475.51	363.95	11/07/2025	15:18:17.67	1.1	08	0.02	2.43	3.40	3.02	6.14	3.73	-1.00	-1.00	-1.0	-1.0
5085336.26	659475.68	364.00	11/07/2025	15:18:18.20	1.1	08	-1.69	2.47	2.86	3.08	5.63	3.76	-1.00	-1.00	-1.0	-1.0
5085336.82	659475.80	364.10	11/07/2025	15:18:18.65	1.1	08	-0.61	2.45	2.96	3.07	5.66	3.78	-1.00	-1.00	-1.0	-1.0
5085337.38	659475.91	364.20	11/07/2025	15:18:19.17	1.1	08	-0.91	2.46	2.96	3.07	5.63	3.74	-1.00	-1.00	-1.0	-1.0
5085337.94	659476.09	364.20	11/07/2025	15:18:19.70	1.1	08	-1.22	2.48	2.54	3.06	5.54	3.75	-1.00	-1.00	-1.0	-1.0
5085338.50	659476.27	364.20	11/07/2025	15:18:20.15	1.1	08	-0.85	2.44	2.62	3.06	5.48	3.76	-1.00	-1.00	-1.0	-1.0
5085339.06	659476.45	364.25	11/07/2025	15:18:20.68	1.1	08	-1.46	2.46	2.77	3.05	5.59	3.74	-1.00	-1.00	-1.0	-1.0
5085339.62	659476.63	364.30	11/07/2025	15:18:21.20	1.1	08	-0.60	2.44	2.92	3.02	5.62	3.73	-1.00	-1.00	-1.0	-1.0
5085340.18	659476.88	364.40	11/07/2025	15:18:21.65	1.1	08	-1.27	2.45	2.79	3.05	5.60	3.71	-1.00	-1.00	-1.0	-1.0
5085340.75	659477.12	364.50	11/07/2025	15:18:22.17	1.1	08	-0.77	2.44	2.75	2.99	5.77	3.69	-1.00	-1.00	-1.0	-1.0
5085341.31	659477.30	364.30	11/07/2025	15:18:22.70	1.1	08	-0.74	2.43	2.93	3.01	5.89	3.69	-1.00	-1.00	-1.0	-1.0
5085341.87	659477.48	364.10	11/07/2025	15:18:23.15	1.1	08	-0.90	2.46	2.81	3.03	5.85	3.72	-1.00	-1.00	-1.0	-1.0
5085342.43	659477.66	363.95	11/07/2025	15:18:23.67	1.1	08	-0.46	2.43	3.09	3.02	6.10	3.71	-1.00	-1.00	-1.0	-1.0
5085342.99	659477.84	363.80	11/07/2025	15:18:24.20	1.1	08	-0.79	2.46	2.99	3.06	6.11	3.68	-1.00	-1.00	-1.0	-1.0
5085343.55	659478.02	363.65	11/07/2025	15:18:24.65	1.1	08	-0.09	2.43	3.68	3.01	6.22	3.70	-1.00	-1.00	-1.0	-1.0
5085344.11	659478.20	363.50	11/07/2025	15:18:25.17	1.1	08	-0.40	2.42	3.46	3.00	6.23	3.67	-1.00	-1.00	-1.0	-1.0
5085344.67	659478.38	363.30	11/07/2025	15:18:25.70	1.1	08	-0.36	2.45	3.23	3.01	6.39	3.67	-1.00	-1.00	-1.0	-1.0
5085345.23	659478.56	363.10	11/07/2025	15:18:26.15	1.1	08	-0.08	2.43	3.46	3.01	6.37	3.68	-1.00	-1.00	-1.0	-1.0
5085345.70	659478.80	362.95	11/07/2025	15:18:26.67	1.1	08	-0.02	2.42	3.61	3.02	6.31	3.69	-1.00	-1.00	-1.0	-1.0
5085346.17	659479.05	362.80	11/07/2025	15:18:27.20	1.1	08	0.51	2.37	3.81	2.96	6.42	3.62	-1.00	-1.00	-1.0	-1.0
5085346.73	659479.23	362.65	11/07/2025	15:18:27.65	1.1	08	0.16	2.41	3.61	2.97	6.39	3.45	-1.00	-1.00	-1.0	-1.0
5085347.29	659479.41	362.50	11/07/2025	15:18:28.17	1.1	08	0.08	2.42	3.68	2.88	6.55	3.08	-1.00	-1.00	-1.0	-1.0
5085347.85	659479.59	362.30	11/07/2025	15:18:28.70	1.1	08	-0.37	2.40	3.79	2.65	6.22	3.03	-1.00	-1.00	-1.0	-1.0
5085348.41	659479.77	362.10	11/07/2025	15:18:29.15	1.1	08	-0.66	2.20	3.49	2.58	5.95	3.04	-1.00	-1.00	-1.0	-1.0
5085348.97	659479.95	361.95	11/07/2025	15:18:29.67	1.1	08	-0.14	2.43	3.15	2.93	5.69	3.40	-1.00	-1.00	-1.0	-1.0
5085349.53	659480.13	361.80	11/07/2025	15:18:30.19	1.1	08	-0.16	2.46	3.13	3.00	5.47	3.56	-1.00	-1.00	-1.0	-1.0
5085350.09	659480.24	361.60	11/07/2025	15:18:30.65	1.1	08	-0.51	2.45	2.86	3.02	5.52	3.62	-1.00	-1.00	-1.0	-1.0
5085350.65	659480.36	361.40	11/07/2025	15:18:31.17	1.1	08	-0.34	2.45	3.05	3.05	5.41	3.69	-1.00	-1.00	-1.0	-1.0
5085351.21	659480.47	361.15	11/07/2025	15:18:31.70	1.1	08	-0.28	2.44	2.72	3.06	5.28	3.76	-1.00	-1.00	-1.0	-1.0
5085351.77	659480.59	360.90	11/07/2025	15:18:32.15	1.1	08	-0.77	2.46	2.66	3.07	5.21	3.77	-1.00	-1.00	-1.0	-1.0
5085352.42	659480.70	360.65	11/07/2025	15:18:32.67	1.1	08	-1.39	2.49	2.16	3.11	4.91	3.79	-1.00	-1.00	-1.0	-1.0
5085353.07	659480.81	360.40	11/07/2025	15:18:33.20	1.1	08	-0.61	2.42	2.49	3.05	5.06	3.81	-1.00	-1.00	-1.0	-1.0
5085353.63	659480.93	360.20	11/07/2025	15:18:33.65	1.1	08	-0.98	2.44	2.35	3.09	4.81	3.81	-1.00	-1.00	-1.0	-1.0
5085354.19	659481.04	360.00	11/07/2025	15:18:34.17	1.1	08	-0.83	2.44	1.89	3.05	5.01	3.80	-1.00	-1.00	-1.0	-1.0
5085354.75	659481.16	359.80	11/07/2025	15:18:34.70	1.1	08	-0.99	2.45	2.31	3.08	5.02	3.79	-1.00	-1.00	-1.0	-1.0
5085355.31	659481.27	359.60	11/07/2025	15:18:35.15	1.1	08	-0.69	2.42	2.06	3.05	4.97	3.79	-1.00	-1.00	-1.0	-1.0
5085355.87	659481.52	359.45	11/07/2025	15:18:35.67	1.1	08	-0.59	2.40	2.50	3.06	4.97	3.77	-1.00	-1.00	-1.0	-1.0
5085356.43	659481.76	359.30	11/07/2025	15:18:36.20	1.1	08	-0.77	2.44	2.41	3.07	4.90	3.81	-1.00	-1.00	-1.0	-1.0
5085356.90	659481.94	359.20	11/07/2025	15:18:36.65	1.1	08	-0.24	2.39	2.48	3.04	5.04	3.79	-1.00	-1.00	-1.0	-1.0
5085357.37	659482.12	359.10	11/07/2025	15:18:37.17	1.1	08	-0.87	2.45	2.39	3.10	5.09	3.79	-1.00	-1.00	-1.0	-1.0
5085357.93	659482.30	359.00	11/07/2025	15:18:37.70	1.1	08	-0.88	2.48	2.44	3.10	5.32	3.83	-1.00	-1.00	-1.0	-1.0
5085358.49	659482.48	358.90	11/07/2025	15:18:38.15	1.1	08	-1.12	2.46	2.71	3.09	5.48	3.78	-1.00	-1.00	-1.0	-1.0
5085359.05	659482.66	358.75	11/07/2025	15:18:38.67	1.1	08	-0.72	2.46	2.92	3.06	5.96	3.76	-1.00	-1.00	-1.0	-1.0
5085359.61	659482.84	358.60	11/07/2025	15:18:39.20	1.1	08	-0.36	2.43	3.13	3.05	5.98	3.74	-1.00	-1.00	-1.0	-1.0
5085360.17	659483.02	358.55	11/07/2025	15:18:39.65	1.1	08	-0.47	2.45	3.25	3.05	6.31	3.72	-1.00	-1.00	-1.0	-1.0
5085360.73	659483.20	358.50	11/07/2025	15:18:40.17	1.1	08	-0.10	2.43	3.57	3.02	6.56	3.69	-1.00	-1.00	-1.0	-1.0
5085361.20	659483.32	358.35	11/07/2025	15:18:40.70	1.1	08	-0.12	2.43	3.56	3.02	6.35	3.69	-1.00	-1.00	-1.0	-1.0
5085361.66	659483.44	358.20	11/07/2025	15:18:41.15	1.1	08	-0.17	2.45	3.32	3.03	6.44	3.70	-1.00	-1.00	-1.0	-1.0
5085362.22	659483.62	358.10	11/07/2025	15:18:41.67	1.1	08	0.12	2.43	3.71	3.02	6.75	3.71	-1.00	-1.00	-1.0	-1.0
5085362.78	659483.80	358.00	11/07/2025	15:18:42.20	1.1	08	0.21	2.43	3.67	3.03	6.72	3.70	-1.00	-1.00	-1.0	-1.0
5085363.34	659483.91	357.90	11/07/2025	15:18:42.65	1.1	08	0.17	2.44	3.88	3.03	6.92	3.70	-1.00	-1.00	-1.0	-1.0
5085363.90	659484.03	357.80	11/07/2025	15:18:43.17	1.1	08	-0.12	2.44	4.02	3.03	6.83	3.68	-1.00	-1.00	-1.0	-1.0
5085364.46	659484.21	357.65	11/07/2025	15:18:43.63	1.1	08	0.14	2.43	3.81	3.00	6.97	3.69	-1.00	-1.00	-1.0	-1.0
5085365.02	659484.38	357.50	11/07/2025	15:18:44.15	1.1	08	0.29	2.43	4.04	3.03	6.87	3.71	-1.00	-1.00	-1.0	-1.0
5085365.49	659484.50	357.40	11/07/2025	15:18:44.67	1.1	08	0.24	2.45	3.96	3.02	7.09	3.70	-1.00	-1.00	-1.0	-1.0
5085365.95	659484.62	357.30	11/07/2025	15:18:45.12	1.1	08	0.48	2.42	4.23	3.01	7.14	3.69	-1.00	-1.00	-1.0	-1.0
5085366.51	659484.80	357.20	11/07/2025	15:18:45.65	1.1	08	0.58	2.41	4.36	3.02	7.26	3.69	-1.00	-1.00	-1.0	-1.0
5085367.08	659484.98	357.10	11/07/2025	15:18:46.17	1.1	08	1.23	2.40	4.46	2.97	7.61	3.67	0.09	68.21	2.0	24.0
5085367.54	659485.16	356.95	11/07/2025	15:18:46.62	1.1	08	1.86	2.38	5.04	2.98	7.78	3.66	0.09	44.01	1.4	7.8
5085368.01	659485.34	356.80	11/07/2025	15:18:47.15	1.1	08	1.34	2.39	4.60	2.96	7.70	3.65	0.09	49.92	1.5	22.0
5085368.57	659485.46	356.70	11/07/2025	15:18:47.67	1.1	08	1.55	2.39	4.29	2.94	7.48	3.62	0.09	69.25	2.0	14.0
5085369.13	659485.57	356.60	11/07/2025	15:18:48.13	1.1	08	0.29	2.41	4.31	2.96	7.32	3.64	-1.00	-1.00	-1.0	-1.0
5085369.59	659485.63	356.50	11/07/2025	15:18:48.65	1.1	08	1.29	2.38	4.03	2.92	7.65	3.62	0.09	84.38	2.3	24.6
5085370.06	659485.68	356.40	11/07/2025	15:18:49.18	1.1	08	0.84	2.37	5.32	2.91	8.06	3.61	-1.00	-1.00	-1.0	-1.0
5085370.52	659485.80	356.35	11/07/2025	15:18:49.62	1.1	08	3.00	2.37	4.55	2.87	8.07	3.58	0.95	895.52	4.4	6.6
5085370.99	659485.91	356.30	11/07/2025	15:18:50.15	1.1	08	2.64	2.35	5.26	2.91	8.02	3.57	0.47	35.14	1.1	3.5
5085371.45	659485.97	356.20	11/07/2025	15:18:50.67	1.1	08	0.89	2.40	4.54	2.95	7.87	3.61	-1.00	-1.00	-1.0	-1.0
5085371.92	659486.02	356.10	11/07/2025	15:18:51.12	1.1	08	2.56	2.34	4.74	2.94	7.80	3.62	0.46	34.17	1.1	3.6
5085372.10	659486.01	356.00	11/07/2025	15:18:51.65	1.1	08	0.76	2.36	4.52	2.97	7.88	3.64	-1.00	-1.00	-1.0	-1.0
5085372.29	659486.01	355.90	11/07/2025	15:18:52.17	1.1	08	1.31	2.41	4.59	2.99	7.66	3.65	0.09	49.66	1.5	22.5
5085372.38	659486.07	355.90	11/07/2025	15:18:52.62	1.1	08	2.90	2.38	2.78	2.95	6.79	3.62	1.13	13.47	0.7	24.7
5085372.48	659486.13	355.90	11/07/2025	15:18:53.15	1.1	08	20.98	2.18	-2.22	2.83	7.24	3.60	-1.00	-1.00	-1.0	-1.0
5085372.38	659486.07	355.90	11/07/2025	15:18:53.67	1.1	08	25.23	2.12	-0.92	2.87	7.67	3.60	-1.00	-1.00	-1.0	-1.0
5085372.29	659486.01	355.90	11/07/2025	15:18:54.12	1.1	08	24.18	2.13	-2.07	2.87	7.52	3.59	-1.00	-1.00	-1.0	-1.0
5085372.29	659486.01	355.90	11/07/2025	15:18:54.12	1.1	08	24.18	2.13	-2.07	2.87	7.52	3.59	-1.00	-1.00	-1.0	-1.0
5085372.29	659486.01	355.90	11/07/2025	15:18:54.12	1.1	08	24.18	2.13	-2.07	2.87	7.52	3.59	-1.00	-1.00	-1.0	-1.0
5085372.29	659486.01	355.90	11/07/2025	15:18:54.12	1.1	08	24.18	2.13	-2.07	2.87	7.52	3.59	-1.00	-1.00	-1.0	-1.0
