Northing	Easting	Altitude	Date	Time	DOP	Satelites	Cond.1[mS/m]	Inph.1[ppt]	Cond.2[mS/m]	Inph.2[ppt]	Cond.3[mS/m]	Inph.3[ppt]	Inv.Cond.1[mS/m]	Inv.Cond.2[mS/m]	Inv.Thick [m]	Inv.RMS[%]	Note
5085374.90	659486.46	363.40	11/07/2025	11:55:08.59	1.2	09	17.17	2.43	37.66	3.95	48.96	5.78	1.03	70.31	0.5	6.8
5085374.86	659486.46	363.40	11/07/2025	11:55:09.12	1.2	09	17.60	2.42	38.18	3.97	49.33	5.82	1.04	70.84	0.5	6.2
5085374.82	659486.46	363.40	11/07/2025	11:55:09.65	1.2	09	17.02	2.40	37.09	3.92	48.22	5.75	1.02	69.25	0.5	6.5
5085374.78	659486.46	363.40	11/07/2025	11:55:10.09	1.2	09	16.43	2.38	35.17	3.83	45.88	5.57	0.97	65.89	0.5	6.6
5085374.75	659486.46	363.40	11/07/2025	11:55:10.62	1.2	09	14.64	2.28	29.91	3.63	40.06	5.24	2.03	66.17	0.7	4.5
5085374.71	659486.46	363.40	11/07/2025	11:55:11.14	1.2	09	6.35	2.22	19.55	3.45	27.40	4.51	0.35	63.30	1.1	16.0
5085374.52	659486.40	363.45	11/07/2025	11:55:11.59	1.2	09	6.27	2.21	13.93	3.25	19.48	4.17	0.46	31.53	0.7	4.6
5085374.34	659486.34	363.50	11/07/2025	11:55:12.12	1.2	09	4.27	2.23	10.97	3.15	15.92	4.11	0.28	28.22	0.8	9.1
5085374.06	659486.29	363.50	11/07/2025	11:55:12.64	1.2	09	5.68	2.16	9.66	3.22	13.88	4.04	1.63	20.56	0.7	3.3
5085373.78	659486.23	363.50	11/07/2025	11:55:13.09	1.2	09	7.01	2.20	9.02	3.25	12.37	4.04	4.86	484.07	5.4	3.3
5085373.50	659486.11	363.60	11/07/2025	11:55:13.62	1.2	09	2.82	2.17	7.40	3.12	11.06	3.95	0.19	47.75	2.0	7.7
5085373.22	659485.98	363.70	11/07/2025	11:55:14.14	1.2	09	2.25	2.22	6.00	3.07	9.97	3.92	0.12	51.33	2.3	11.1
5085372.94	659485.93	363.75	11/07/2025	11:55:14.59	1.2	09	2.08	2.18	5.96	3.20	9.36	3.89	0.11	48.19	2.3	9.8
5085372.66	659485.87	363.80	11/07/2025	11:55:15.12	1.2	09	1.83	2.18	5.77	3.12	9.03	3.87	0.11	28.68	1.7	13.9
5085372.28	659485.81	363.85	11/07/2025	11:55:15.64	1.2	09	1.66	2.20	5.37	3.04	8.74	3.91	0.10	27.76	1.7	15.8
5085371.91	659485.76	363.90	11/07/2025	11:55:16.09	1.2	09	1.93	2.15	5.53	3.16	8.45	3.86	0.10	43.51	2.3	10.7
5085371.63	659485.64	363.95	11/07/2025	11:55:16.62	1.2	09	2.41	2.24	5.41	3.20	8.22	3.88	0.19	21.55	1.4	4.6
5085371.35	659485.52	364.00	11/07/2025	11:55:17.15	1.2	09	1.57	2.16	5.12	3.02	8.37	3.85	0.10	26.79	1.7	20.7
5085370.98	659485.46	364.05	11/07/2025	11:55:17.59	1.2	09	1.60	2.20	5.07	3.15	7.90	3.86	0.09	25.10	1.7	14.0
5085370.61	659485.40	364.10	11/07/2025	11:55:18.12	1.2	09	1.58	2.18	5.11	3.12	7.90	3.88	0.09	25.10	1.7	14.0
5085370.33	659485.28	364.15	11/07/2025	11:55:18.64	1.2	09	1.36	2.17	4.68	3.01	7.36	3.84	0.09	23.55	1.7	19.6
5085370.04	659485.16	364.20	11/07/2025	11:55:19.09	1.2	09	1.59	2.21	4.33	3.14	6.71	3.77	0.11	37.58	2.6	11.6
5085369.67	659485.04	364.25	11/07/2025	11:55:19.62	1.2	09	2.84	2.20	1.59	3.06	6.79	3.86	1.02	68.01	4.5	44.3
5085369.30	659484.92	364.30	11/07/2025	11:55:20.14	1.2	09	-5.00	2.27	-1.23	3.33	5.53	4.11	-1.00	-1.00	-1.0	-1.0
5085368.83	659484.87	364.35	11/07/2025	11:55:20.59	1.2	09	2.43	2.22	5.18	3.18	7.32	3.81	0.17	11.24	0.7	4.8
5085368.37	659484.82	364.40	11/07/2025	11:55:21.12	1.2	09	1.50	2.19	4.89	3.12	7.30	3.87	0.09	23.19	1.7	16.0
5085368.09	659484.76	364.45	11/07/2025	11:55:21.64	1.2	09	1.87	2.16	4.64	3.02	7.02	3.90	0.12	36.04	2.4	8.5
5085367.81	659484.70	364.50	11/07/2025	11:55:22.09	1.2	09	2.05	2.20	4.91	3.19	7.10	3.91	0.12	11.60	0.8	7.8
5085367.44	659484.58	364.55	11/07/2025	11:55:22.62	1.2	09	1.65	2.19	4.76	3.21	6.91	3.96	0.12	12.32	0.9	13.0
5085367.06	659484.46	364.60	11/07/2025	11:55:23.14	1.2	09	1.69	2.18	4.12	3.15	6.88	3.93	0.11	35.32	2.4	7.9
5085366.78	659484.40	364.65	11/07/2025	11:55:23.59	1.2	09	0.72	2.27	3.97	3.20	6.75	3.89	-1.00	-1.00	-1.0	-1.0
5085366.50	659484.35	364.70	11/07/2025	11:55:24.12	1.2	09	0.85	2.31	4.67	3.27	6.87	3.94	-1.00	-1.00	-1.0	-1.0
5085366.22	659484.29	364.70	11/07/2025	11:55:24.64	1.2	09	0.70	2.16	4.51	3.10	7.06	3.86	-1.00	-1.00	-1.0	-1.0
5085365.94	659484.23	364.70	11/07/2025	11:55:25.09	1.2	09	1.41	2.15	4.21	3.03	6.82	3.81	0.11	40.69	2.7	15.0
5085365.66	659484.17	364.70	11/07/2025	11:55:25.62	1.2	09	1.31	2.18	4.67	3.23	6.99	3.84	0.12	21.44	1.7	20.6
5085365.39	659484.12	364.70	11/07/2025	11:55:26.14	1.2	09	1.27	2.17	4.37	3.13	6.81	3.82	0.11	20.88	1.7	19.2
5085365.11	659484.06	364.70	11/07/2025	11:55:26.60	1.2	09	1.46	2.13	3.96	2.99	6.83	3.79	0.11	44.40	2.9	8.9
5085364.83	659484.00	364.70	11/07/2025	11:55:27.12	1.2	09	1.14	2.15	4.38	3.17	7.00	3.83	0.12	19.37	1.6	23.3
5085364.55	659483.94	364.75	11/07/2025	11:55:27.65	1.2	09	1.15	2.19	4.66	3.23	6.96	3.85	0.12	19.26	1.6	25.3
5085364.27	659483.89	364.80	11/07/2025	11:55:28.09	1.2	09	1.22	2.13	4.26	2.96	6.66	3.75	0.11	20.42	1.7	18.4
5085363.99	659483.76	364.80	11/07/2025	11:55:28.62	1.2	09	1.10	2.12	4.13	2.97	6.88	3.70	0.11	19.03	1.6	24.1
5085363.71	659483.64	364.80	11/07/2025	11:55:29.14	1.2	09	1.05	2.14	4.45	3.18	6.45	3.74	0.11	15.16	1.2	26.2
5085363.43	659483.58	364.80	11/07/2025	11:55:29.60	1.2	09	0.93	2.15	4.18	3.00	6.37	3.73	-1.00	-1.00	-1.0	-1.0
5085363.15	659483.53	364.80	11/07/2025	11:55:30.12	1.2	09	1.14	2.14	3.72	2.94	6.22	3.71	0.10	19.07	1.7	19.8
5085362.77	659483.41	364.85	11/07/2025	11:55:30.65	1.2	09	0.88	2.21	4.06	3.20	6.31	3.79	-1.00	-1.00	-1.0	-1.0
5085362.40	659483.29	364.90	11/07/2025	11:55:31.09	1.2	09	0.75	2.17	3.86	3.02	6.16	3.75	-1.00	-1.00	-1.0	-1.0
5085362.12	659483.23	364.90	11/07/2025	11:55:31.62	1.2	09	0.93	2.15	3.34	2.95	5.89	3.80	0.00	37.79	2.9	21.5
5085361.84	659483.17	364.90	11/07/2025	11:55:32.14	1.2	09	0.54	2.21	3.76	3.25	6.07	3.88	-1.00	-1.00	-1.0	-1.0
5085361.47	659483.05	364.95	11/07/2025	11:55:32.60	1.2	09	0.54	2.15	3.59	3.14	5.91	3.80	-1.00	-1.00	-1.0	-1.0
5085361.09	659482.93	365.00	11/07/2025	11:55:33.12	1.2	09	0.55	2.16	3.27	3.02	5.72	3.79	-1.00	-1.00	-1.0	-1.0
5085360.72	659482.88	365.00	11/07/2025	11:55:33.64	1.2	09	0.62	2.17	3.74	3.20	5.64	3.85	-1.00	-1.00	-1.0	-1.0
5085360.35	659482.82	365.00	11/07/2025	11:55:34.09	1.2	09	0.53	2.15	3.43	3.09	5.37	3.81	-1.00	-1.00	-1.0	-1.0
5085360.07	659482.70	365.05	11/07/2025	11:55:34.62	1.2	09	0.39	2.13	2.91	3.01	5.09	3.84	-1.00	-1.00	-1.0	-1.0
5085359.79	659482.58	365.10	11/07/2025	11:55:35.07	1.2	09	0.39	2.15	3.02	3.23	5.03	3.86	-1.00	-1.00	-1.0	-1.0
5085359.41	659482.52	365.10	11/07/2025	11:55:35.59	1.2	09	0.10	2.20	2.68	3.21	4.83	3.89	-1.00	-1.00	-1.0	-1.0
5085359.04	659482.47	365.10	11/07/2025	11:55:36.12	1.2	09	0.33	2.16	2.15	3.01	4.64	3.81	-1.00	-1.00	-1.0	-1.0
5085358.76	659482.41	365.15	11/07/2025	11:55:36.57	1.2	09	-0.09	2.18	2.10	3.23	4.24	3.83	-1.00	-1.00	-1.0	-1.0
5085358.48	659482.35	365.20	11/07/2025	11:55:37.09	1.2	09	-0.12	2.22	2.05	3.27	4.50	3.77	-1.00	-1.00	-1.0	-1.0
5085358.11	659482.23	365.20	11/07/2025	11:55:37.62	1.2	09	-0.28	2.20	1.68	3.11	4.67	3.77	-1.00	-1.00	-1.0	-1.0
5085357.74	659482.11	365.20	11/07/2025	11:55:38.07	1.2	09	-0.37	2.20	2.33	3.16	4.85	3.76	-1.00	-1.00	-1.0	-1.0
5085357.46	659482.06	365.25	11/07/2025	11:55:38.59	1.2	09	-0.54	2.21	2.37	3.20	4.71	3.85	-1.00	-1.00	-1.0	-1.0
5085357.18	659482.00	365.30	11/07/2025	11:55:39.12	1.2	09	-0.65	2.16	1.78	3.06	4.29	3.86	-1.00	-1.00	-1.0	-1.0
5085356.90	659481.88	365.30	11/07/2025	11:55:39.57	1.2	09	-0.48	2.18	1.97	3.20	4.43	3.92	-1.00	-1.00	-1.0	-1.0
5085356.62	659481.76	365.30	11/07/2025	11:55:40.09	1.2	09	-0.60	2.20	2.01	3.28	4.18	3.96	-1.00	-1.00	-1.0	-1.0
5085356.33	659481.63	365.35	11/07/2025	11:55:40.62	1.2	09	-0.43	2.14	1.80	3.07	4.37	3.82	-1.00	-1.00	-1.0	-1.0
5085356.05	659481.51	365.40	11/07/2025	11:55:41.07	1.2	09	-0.34	2.18	1.81	3.11	4.47	3.84	-1.00	-1.00	-1.0	-1.0
5085355.68	659481.46	365.40	11/07/2025	11:55:41.59	1.2	09	-0.05	2.18	2.02	3.28	4.41	3.86	-1.00	-1.00	-1.0	-1.0
5085355.31	659481.40	365.40	11/07/2025	11:55:42.12	1.2	09	-0.38	2.16	1.85	3.12	4.47	3.75	-1.00	-1.00	-1.0	-1.0
5085355.03	659481.28	365.45	11/07/2025	11:55:42.57	1.2	09	-0.57	2.19	1.57	3.03	4.31	3.75	-1.00	-1.00	-1.0	-1.0
5085354.75	659481.16	365.50	11/07/2025	11:55:43.10	1.2	09	-0.64	2.19	2.12	3.23	4.55	3.83	-1.00	-1.00	-1.0	-1.0
5085354.47	659481.10	365.50	11/07/2025	11:55:43.62	1.2	09	-0.73	2.20	1.90	3.16	4.57	3.78	-1.00	-1.00	-1.0	-1.0
5085354.19	659481.04	365.50	11/07/2025	11:55:44.07	1.2	09	-0.79	2.20	1.51	3.07	4.45	3.80	-1.00	-1.00	-1.0	-1.0
5085353.81	659480.92	365.50	11/07/2025	11:55:44.59	1.2	09	-0.83	2.23	1.71	3.24	4.33	3.82	-1.00	-1.00	-1.0	-1.0
5085353.44	659480.80	365.50	11/07/2025	11:55:45.12	1.2	09	-0.81	2.24	1.64	3.30	4.67	3.85	-1.00	-1.00	-1.0	-1.0
5085353.16	659480.74	365.55	11/07/2025	11:55:45.57	1.2	09	-1.08	2.20	1.45	3.12	4.51	3.81	-1.00	-1.00	-1.0	-1.0
5085352.88	659480.69	365.60	11/07/2025	11:55:46.09	1.2	09	-0.84	2.24	1.78	3.18	4.52	3.75	-1.00	-1.00	-1.0	-1.0
5085352.51	659480.57	365.65	11/07/2025	11:55:46.62	1.2	09	-0.97	2.25	2.17	3.31	4.93	3.74	-1.00	-1.00	-1.0	-1.0
5085352.13	659480.45	365.70	11/07/2025	11:55:47.07	1.2	09	-0.41	2.17	1.44	3.15	4.74	3.65	-1.00	-1.00	-1.0	-1.0
5085351.86	659480.39	365.70	11/07/2025	11:55:47.60	1.2	09	-9.76	2.33	0.61	3.05	4.20	3.66	-1.00	-1.00	-1.0	-1.0
5085351.58	659480.33	365.70	11/07/2025	11:55:48.12	1.2	09	-0.03	2.16	2.85	3.00	4.68	3.65	-1.00	-1.00	-1.0	-1.0
5085351.20	659480.28	365.70	11/07/2025	11:55:48.57	1.2	09	-0.31	2.12	2.65	2.79	4.46	3.62	-1.00	-1.00	-1.0	-1.0
5085350.83	659480.22	365.70	11/07/2025	11:55:49.09	1.2	09	0.06	2.11	2.93	2.66	5.10	3.55	-1.00	-1.00	-1.0	-1.0
5085350.55	659480.10	365.70	11/07/2025	11:55:49.62	1.2	09	0.09	2.13	3.23	2.86	5.05	3.55	-1.00	-1.00	-1.0	-1.0
5085350.27	659479.98	365.70	11/07/2025	11:55:50.07	1.2	09	0.08	2.12	3.33	2.80	5.17	3.57	-1.00	-1.00	-1.0	-1.0
5085349.90	659479.92	365.70	11/07/2025	11:55:50.60	1.2	09	0.36	2.17	3.23	2.67	5.04	3.64	-1.00	-1.00	-1.0	-1.0
5085349.53	659479.87	365.70	11/07/2025	11:55:51.12	1.2	09	0.09	2.11	3.52	2.75	5.35	3.55	-1.00	-1.00	-1.0	-1.0
5085349.24	659479.75	365.70	11/07/2025	11:55:51.57	1.2	09	0.19	2.10	3.62	2.71	5.18	3.64	-1.00	-1.00	-1.0	-1.0
5085348.96	659479.62	365.70	11/07/2025	11:55:52.10	1.2	09	0.32	2.10	3.72	2.58	5.36	3.70	-1.00	-1.00	-1.0	-1.0
5085348.68	659479.57	365.70	11/07/2025	11:55:52.62	1.2	09	0.71	2.09	4.09	2.64	5.51	3.76	-1.00	-1.00	-1.0	-1.0
5085348.40	659479.51	365.70	11/07/2025	11:55:53.07	1.2	09	0.48	2.14	4.27	2.68	5.31	3.90	-1.00	-1.00	-1.0	-1.0
5085348.13	659479.45	365.70	11/07/2025	11:55:53.59	1.2	09	0.89	2.07	4.34	2.57	5.44	3.77	-1.00	-1.00	-1.0	-1.0
5085347.85	659479.39	365.70	11/07/2025	11:55:54.12	1.2	09	1.36	2.10	3.91	2.73	5.63	3.69	0.09	10.04	0.9	12.2
5085347.47	659479.27	365.70	11/07/2025	11:55:54.57	1.2	09	0.36	2.15	3.40	3.13	5.37	3.71	-1.00	-1.00	-1.0	-1.0
5085347.10	659479.15	365.70	11/07/2025	11:55:55.09	1.2	09	0.56	2.14	3.15	3.08	5.38	3.76	-1.00	-1.00	-1.0	-1.0
5085346.82	659479.10	365.70	11/07/2025	11:55:55.62	1.2	09	0.43	2.20	3.05	3.05	5.96	3.86	-1.00	-1.00	-1.0	-1.0
5085346.54	659479.04	365.70	11/07/2025	11:55:56.07	1.2	09	0.92	2.18	3.55	3.27	6.02	3.95	0.00	38.63	2.9	23.9
5085346.17	659478.92	365.75	11/07/2025	11:55:56.59	1.2	09	0.17	2.18	3.12	3.24	6.16	3.97	-1.00	-1.00	-1.0	-1.0
5085345.79	659478.80	365.80	11/07/2025	11:55:57.12	1.2	09	0.55	2.18	3.84	3.07	6.80	3.97	-1.00	-1.00	-1.0	-1.0
5085345.51	659478.74	365.80	11/07/2025	11:55:57.57	1.2	09	1.03	2.21	4.87	3.29	7.24	3.98	-1.00	-1.00	-1.0	-1.0
5085345.23	659478.69	365.80	11/07/2025	11:55:58.10	1.2	09	1.80	2.24	5.95	3.34	7.40	3.97	0.09	11.10	0.7	16.9
5085344.86	659478.63	365.80	11/07/2025	11:55:58.62	1.2	09	1.72	2.30	5.22	3.24	7.12	4.04	0.12	12.70	0.9	12.9
5085344.49	659478.58	365.80	11/07/2025	11:55:59.07	1.2	09	1.16	2.21	4.46	3.19	6.46	4.00	0.11	15.18	1.2	23.2
5085344.21	659478.52	365.85	11/07/2025	11:55:59.60	1.2	09	1.28	2.18	4.16	3.23	6.26	3.96	0.10	37.35	2.7	15.4
5085343.93	659478.46	365.90	11/07/2025	11:56:00.12	1.2	09	0.54	2.19	3.52	3.08	6.10	4.08	-1.00	-1.00	-1.0	-1.0
5085343.56	659478.41	365.90	11/07/2025	11:56:00.57	1.2	09	0.72	2.19	3.64	3.15	6.29	4.16	-1.00	-1.00	-1.0	-1.0
5085343.19	659478.35	365.90	11/07/2025	11:56:01.10	1.2	09	0.69	2.07	4.15	3.35	6.43	4.17	-1.00	-1.00	-1.0	-1.0
5085342.91	659478.23	365.95	11/07/2025	11:56:01.62	1.2	09	0.23	2.08	3.69	3.06	5.99	3.86	-1.00	-1.00	-1.0	-1.0
5085342.62	659478.11	366.00	11/07/2025	11:56:02.07	1.2	09	0.52	2.10	3.05	2.87	5.57	3.70	-1.00	-1.00	-1.0	-1.0
5085342.34	659478.05	366.00	11/07/2025	11:56:02.59	1.2	09	0.20	2.12	3.36	3.11	5.74	3.77	-1.00	-1.00	-1.0	-1.0
5085342.07	659477.99	366.00	11/07/2025	11:56:03.12	1.2	09	0.26	2.13	3.35	3.11	5.57	3.76	-1.00	-1.00	-1.0	-1.0
5085341.79	659477.93	366.00	11/07/2025	11:56:03.57	1.2	09	0.14	2.12	2.89	2.94	5.47	3.71	-1.00	-1.00	-1.0	-1.0
5085341.51	659477.88	366.00	11/07/2025	11:56:04.09	1.2	09	0.24	2.13	2.99	3.01	5.78	3.77	-1.00	-1.00	-1.0	-1.0
5085341.23	659477.82	366.00	11/07/2025	11:56:04.62	1.2	09	0.21	2.15	3.26	3.23	5.63	3.89	-1.00	-1.00	-1.0	-1.0
5085340.95	659477.76	366.00	11/07/2025	11:56:05.07	1.2	09	0.07	2.13	2.92	2.99	5.58	3.73	-1.00	-1.00	-1.0	-1.0
5085340.67	659477.64	366.00	11/07/2025	11:56:05.59	1.2	09	0.07	2.13	2.67	2.94	5.63	3.77	-1.00	-1.00	-1.0	-1.0
5085340.39	659477.52	366.00	11/07/2025	11:56:06.12	1.2	09	0.01	2.16	3.04	3.20	5.41	3.84	-1.00	-1.00	-1.0	-1.0
5085340.11	659477.46	366.00	11/07/2025	11:56:06.57	1.2	09	0.11	2.19	2.78	3.13	5.30	3.79	-1.00	-1.00	-1.0	-1.0
5085339.83	659477.40	366.00	11/07/2025	11:56:07.10	1.2	09	-0.11	2.15	2.52	2.95	5.47	3.80	-1.00	-1.00	-1.0	-1.0
5085339.55	659477.28	366.05	11/07/2025	11:56:07.62	1.2	09	0.00	2.15	2.78	3.10	5.20	3.82	-1.00	-1.00	-1.0	-1.0
5085339.26	659477.16	366.10	11/07/2025	11:56:08.07	1.2	09	0.12	2.15	2.91	3.17	5.18	3.83	-1.00	-1.00	-1.0	-1.0
5085338.99	659477.10	366.10	11/07/2025	11:56:08.60	1.2	09	-0.10	2.15	2.42	3.03	4.96	3.81	-1.00	-1.00	-1.0	-1.0
5085338.71	659477.04	366.10	11/07/2025	11:56:09.12	1.2	09	-0.04	2.17	2.09	3.05	4.94	3.85	-1.00	-1.00	-1.0	-1.0
5085338.43	659476.99	366.10	11/07/2025	11:56:09.57	1.2	09	0.00	2.17	2.69	3.28	5.27	3.86	-1.00	-1.00	-1.0	-1.0
5085338.15	659476.93	366.10	11/07/2025	11:56:10.09	1.2	09	-0.05	2.16	2.41	3.11	5.28	3.76	-1.00	-1.00	-1.0	-1.0
5085337.87	659476.81	366.10	11/07/2025	11:56:10.62	1.2	09	-0.35	2.15	2.05	2.99	5.20	3.73	-1.00	-1.00	-1.0	-1.0
5085337.58	659476.68	366.10	11/07/2025	11:56:11.07	1.2	09	-0.48	2.16	2.53	3.22	5.28	3.81	-1.00	-1.00	-1.0	-1.0
5085337.21	659476.56	366.10	11/07/2025	11:56:11.59	1.2	09	-0.50	2.18	2.46	3.14	5.46	3.72	-1.00	-1.00	-1.0	-1.0
5085336.84	659476.44	366.10	11/07/2025	11:56:12.12	1.2	09	-0.72	2.17	1.89	2.99	5.26	3.75	-1.00	-1.00	-1.0	-1.0
5085336.56	659476.39	366.10	11/07/2025	11:56:12.57	1.2	09	-0.74	2.18	2.32	3.22	5.15	3.81	-1.00	-1.00	-1.0	-1.0
5085336.28	659476.33	366.10	11/07/2025	11:56:13.09	1.2	09	-0.69	2.20	2.19	3.25	5.13	3.83	-1.00	-1.00	-1.0	-1.0
5085336.00	659476.27	366.10	11/07/2025	11:56:13.62	1.2	09	-0.62	2.15	1.84	3.05	5.03	3.78	-1.00	-1.00	-1.0	-1.0
5085335.72	659476.21	366.10	11/07/2025	11:56:14.07	1.2	09	-0.55	2.16	1.76	3.10	4.95	3.80	-1.00	-1.00	-1.0	-1.0
5085335.44	659476.16	366.10	11/07/2025	11:56:14.59	1.2	09	-0.57	2.20	2.10	3.29	4.94	3.84	-1.00	-1.00	-1.0	-1.0
5085335.16	659476.10	366.10	11/07/2025	11:56:15.05	1.2	09	-0.76	2.18	1.95	3.10	5.19	3.81	-1.00	-1.00	-1.0	-1.0
5085334.79	659475.98	366.10	11/07/2025	11:56:15.57	1.2	09	-0.20	2.18	2.11	3.05	5.20	3.79	-1.00	-1.00	-1.0	-1.0
5085334.41	659475.86	366.10	11/07/2025	11:56:16.09	1.2	09	-0.20	2.18	2.60	3.29	5.41	3.85	-1.00	-1.00	-1.0	-1.0
5085334.13	659475.80	366.05	11/07/2025	11:56:16.54	1.2	09	-0.23	2.16	2.44	3.13	5.17	3.79	-1.00	-1.00	-1.0	-1.0
5085333.85	659475.74	366.00	11/07/2025	11:56:17.07	1.2	09	-0.17	2.17	2.44	3.06	5.26	3.85	-1.00	-1.00	-1.0	-1.0
5085333.58	659475.69	366.00	11/07/2025	11:56:17.59	1.2	09	0.04	2.17	2.97	3.25	5.07	3.91	-1.00	-1.00	-1.0	-1.0
5085333.30	659475.63	366.00	11/07/2025	11:56:18.04	1.2	09	0.21	2.15	2.40	3.10	5.01	3.83	-1.00	-1.00	-1.0	-1.0
5085332.92	659475.51	366.00	11/07/2025	11:56:18.57	1.2	09	0.00	2.15	2.00	3.02	5.13	3.86	-1.00	-1.00	-1.0	-1.0
5085332.55	659475.39	366.00	11/07/2025	11:56:19.09	1.2	09	-0.27	2.16	2.84	3.20	5.51	3.85	-1.00	-1.00	-1.0	-1.0
5085332.27	659475.33	365.95	11/07/2025	11:56:19.54	1.2	09	0.40	2.16	2.66	3.13	5.62	3.85	-1.00	-1.00	-1.0	-1.0
5085331.99	659475.28	365.90	11/07/2025	11:56:20.07	1.2	09	0.18	2.13	2.56	2.94	5.50	3.85	-1.00	-1.00	-1.0	-1.0
5085331.71	659475.22	365.90	11/07/2025	11:56:20.59	1.2	09	0.18	2.15	3.03	3.15	5.71	3.90	-1.00	-1.00	-1.0	-1.0
5085331.43	659475.16	365.90	11/07/2025	11:56:21.04	1.2	09	0.19	2.16	3.01	3.16	5.74	3.92	-1.00	-1.00	-1.0	-1.0
5085331.15	659475.04	365.90	11/07/2025	11:56:21.57	1.2	09	-0.08	2.15	2.85	3.00	5.82	3.97	-1.00	-1.00	-1.0	-1.0
5085330.87	659474.92	365.90	11/07/2025	11:56:22.09	1.2	09	0.00	2.17	3.12	3.10	6.25	3.94	-1.00	-1.00	-1.0	-1.0
5085330.59	659474.86	365.85	11/07/2025	11:56:22.54	1.2	09	0.00	2.17	3.23	3.18	6.12	3.94	-1.00	-1.00	-1.0	-1.0
5085330.31	659474.80	365.80	11/07/2025	11:56:23.07	1.2	09	-0.30	2.18	2.89	3.03	6.19	3.86	-1.00	-1.00	-1.0	-1.0
5085330.03	659474.74	365.85	11/07/2025	11:56:23.59	1.2	09	-0.07	2.16	2.99	3.10	5.98	3.88	-1.00	-1.00	-1.0	-1.0
5085329.75	659474.69	365.90	11/07/2025	11:56:24.04	1.2	09	-0.03	2.15	3.40	3.22	6.19	3.92	-1.00	-1.00	-1.0	-1.0
5085329.38	659474.57	365.85	11/07/2025	11:56:24.57	1.2	09	0.05	2.15	3.23	3.04	6.25	3.82	-1.00	-1.00	-1.0	-1.0
5085329.00	659474.45	365.80	11/07/2025	11:56:25.09	1.2	09	0.30	2.15	2.97	3.00	6.23	3.83	-1.00	-1.00	-1.0	-1.0
5085328.72	659474.39	365.80	11/07/2025	11:56:25.54	1.2	09	0.13	2.15	3.39	3.21	6.28	3.88	-1.00	-1.00	-1.0	-1.0
5085328.44	659474.33	365.80	11/07/2025	11:56:26.07	1.2	09	-0.14	2.16	3.28	3.12	6.23	3.86	-1.00	-1.00	-1.0	-1.0
5085328.17	659474.27	365.80	11/07/2025	11:56:26.59	1.2	09	0.17	2.16	3.06	3.01	6.00	3.88	-1.00	-1.00	-1.0	-1.0
5085327.89	659474.22	365.80	11/07/2025	11:56:27.04	1.2	09	0.20	2.15	3.80	3.22	6.70	3.94	-1.00	-1.00	-1.0	-1.0
5085327.61	659474.16	365.80	11/07/2025	11:56:27.57	1.2	09	0.16	2.16	3.55	3.15	6.40	3.87	-1.00	-1.00	-1.0	-1.0
5085327.33	659474.10	365.80	11/07/2025	11:56:28.09	1.2	09	0.42	2.14	3.17	2.99	6.50	3.87	-1.00	-1.00	-1.0	-1.0
5085326.95	659474.05	365.75	11/07/2025	11:56:28.54	1.2	09	0.12	2.16	3.39	3.16	6.43	3.88	-1.00	-1.00	-1.0	-1.0
5085326.58	659473.99	365.70	11/07/2025	11:56:29.07	1.2	09	0.37	2.15	3.70	3.14	6.51	3.84	-1.00	-1.00	-1.0	-1.0
5085326.30	659473.93	365.70	11/07/2025	11:56:29.59	1.2	09	0.11	2.15	3.28	2.91	6.35	3.78	-1.00	-1.00	-1.0	-1.0
5085326.02	659473.88	365.70	11/07/2025	11:56:30.04	1.2	09	0.16	2.15	3.33	3.03	6.43	3.83	-1.00	-1.00	-1.0	-1.0
5085325.74	659473.82	365.65	11/07/2025	11:56:30.57	1.2	09	0.24	2.16	3.81	3.21	6.56	3.88	-1.00	-1.00	-1.0	-1.0
5085325.47	659473.76	365.60	11/07/2025	11:56:31.09	1.2	09	0.08	2.17	3.39	3.03	6.18	3.86	-1.00	-1.00	-1.0	-1.0
5085325.09	659473.71	365.60	11/07/2025	11:56:31.54	1.2	09	0.07	2.17	3.25	3.01	6.48	3.82	-1.00	-1.00	-1.0	-1.0
5085324.72	659473.65	365.60	11/07/2025	11:56:32.06	1.2	09	0.17	2.14	3.96	3.21	6.70	3.85	-1.00	-1.00	-1.0	-1.0
5085324.44	659473.59	365.60	11/07/2025	11:56:32.59	1.2	09	0.27	2.13	3.56	3.06	6.47	3.80	-1.00	-1.00	-1.0	-1.0
5085324.16	659473.54	365.60	11/07/2025	11:56:33.04	1.2	09	0.24	2.12	3.02	2.89	6.19	3.79	-1.00	-1.00	-1.0	-1.0
5085323.88	659473.48	365.55	11/07/2025	11:56:33.56	1.2	09	0.15	2.14	3.61	3.13	6.42	3.80	-1.00	-1.00	-1.0	-1.0
5085323.60	659473.42	365.50	11/07/2025	11:56:34.10	1.2	09	0.03	2.16	3.38	3.14	6.25	3.83	-1.00	-1.00	-1.0	-1.0
5085323.32	659473.36	365.50	11/07/2025	11:56:34.54	1.2	09	-0.12	2.12	3.02	2.93	6.40	3.82	-1.00	-1.00	-1.0	-1.0
5085323.04	659473.31	365.50	11/07/2025	11:56:35.07	1.2	09	-0.15	2.14	3.08	3.02	6.29	3.83	-1.00	-1.00	-1.0	-1.0
5085322.77	659473.25	365.50	11/07/2025	11:56:35.59	1.2	09	-0.21	2.15	3.19	3.08	6.29	3.81	-1.00	-1.00	-1.0	-1.0
5085322.49	659473.19	365.50	11/07/2025	11:56:36.04	1.2	09	-0.32	2.13	2.82	2.95	6.12	3.79	-1.00	-1.00	-1.0	-1.0
5085322.21	659473.13	365.50	11/07/2025	11:56:36.57	1.2	09	-0.35	2.13	3.06	3.02	6.53	3.76	-1.00	-1.00	-1.0	-1.0
5085321.93	659473.08	365.50	11/07/2025	11:56:37.09	1.2	09	-0.29	2.11	3.31	3.14	6.42	3.82	-1.00	-1.00	-1.0	-1.0
5085321.74	659473.02	365.45	11/07/2025	11:56:37.54	1.2	09	-0.22	2.09	3.29	3.08	6.49	3.86	-1.00	-1.00	-1.0	-1.0
5085321.55	659472.96	365.40	11/07/2025	11:56:38.07	1.2	09	-0.28	2.14	3.08	2.85	6.68	3.71	-1.00	-1.00	-1.0	-1.0
5085321.46	659472.83	365.40	11/07/2025	11:56:38.59	1.2	09	-0.43	2.15	2.87	2.83	6.70	3.74	-1.00	-1.00	-1.0	-1.0
5085321.36	659472.70	365.40	11/07/2025	11:56:39.04	1.2	09	-0.43	2.13	2.90	2.87	6.34	3.63	-1.00	-1.00	-1.0	-1.0
5085321.36	659472.70	365.35	11/07/2025	11:56:39.57	1.2	09	-0.52	2.13	3.35	3.10	6.39	3.80	-1.00	-1.00	-1.0	-1.0
5085321.36	659472.70	365.30	11/07/2025	11:56:40.09	1.2	09	-0.49	2.13	3.40	3.04	6.76	3.77	-1.00	-1.00	-1.0	-1.0
5085321.36	659472.64	365.30	11/07/2025	11:56:40.54	1.2	09	-0.45	2.13	3.23	3.06	6.54	3.79	-1.00	-1.00	-1.0	-1.0
5085321.36	659472.57	365.30	11/07/2025	11:56:41.07	1.2	09	-0.41	2.12	3.02	2.95	6.63	3.79	-1.00	-1.00	-1.0	-1.0
5085321.45	659472.44	365.30	11/07/2025	11:56:41.59	1.2	09	-0.95	2.10	2.78	2.87	6.45	3.75	-1.00	-1.00	-1.0	-1.0
5085321.54	659472.31	365.30	11/07/2025	11:56:42.04	1.2	09	-0.29	2.13	3.32	3.08	6.44	3.80	-1.00	-1.00	-1.0	-1.0
5085321.72	659472.18	365.30	11/07/2025	11:56:42.57	1.2	09	-0.36	2.13	3.63	3.13	6.71	3.90	-1.00	-1.00	-1.0	-1.0
5085321.90	659472.04	365.30	11/07/2025	11:56:43.09	1.2	09	-0.43	2.12	2.97	2.91	6.30	3.73	-1.00	-1.00	-1.0	-1.0
5085322.08	659471.97	365.30	11/07/2025	11:56:43.54	1.2	09	-0.42	2.11	2.85	2.82	6.39	3.76	-1.00	-1.00	-1.0	-1.0
5085322.27	659471.90	365.30	11/07/2025	11:56:44.07	1.2	09	-0.25	2.12	3.36	3.05	6.36	3.80	-1.00	-1.00	-1.0	-1.0
5085322.45	659471.96	365.35	11/07/2025	11:56:44.59	1.2	09	-0.13	2.10	3.27	2.97	6.44	3.81	-1.00	-1.00	-1.0	-1.0
5085322.64	659472.02	365.40	11/07/2025	11:56:45.04	1.3	08	-0.15	2.09	3.06	2.84	6.45	3.76	-1.00	-1.00	-1.0	-1.0
5085322.74	659472.09	365.45	11/07/2025	11:56:45.57	1.3	08	-0.01	2.09	2.96	2.82	6.52	3.79	-1.00	-1.00	-1.0	-1.0
5085322.83	659472.15	365.50	11/07/2025	11:56:46.02	1.2	09	0.26	2.12	3.48	3.06	6.52	3.80	-1.00	-1.00	-1.0	-1.0
5085323.01	659472.14	365.55	11/07/2025	11:56:46.54	1.2	09	0.48	2.11	3.65	2.91	6.58	3.71	-1.00	-1.00	-1.0	-1.0
5085323.20	659472.14	365.60	11/07/2025	11:56:47.07	1.2	09	0.32	2.11	3.41	2.80	6.51	3.67	-1.00	-1.00	-1.0	-1.0
5085323.20	659472.14	365.55	11/07/2025	11:56:47.52	1.2	09	0.11	2.12	3.14	2.80	6.03	3.69	-1.00	-1.00	-1.0	-1.0
5085323.20	659472.14	365.50	11/07/2025	11:56:48.04	1.2	09	0.02	2.11	3.18	2.77	6.33	3.76	-1.00	-1.00	-1.0	-1.0
5085323.20	659472.14	365.45	11/07/2025	11:56:48.57	1.2	09	0.12	2.11	3.18	2.72	6.30	3.69	-1.00	-1.00	-1.0	-1.0
5085323.20	659472.14	365.40	11/07/2025	11:56:49.01	1.2	09	-0.07	2.12	3.05	2.71	6.23	3.61	-1.00	-1.00	-1.0	-1.0
5085323.25	659472.17	365.38	11/07/2025	11:56:49.54	1.2	09	-0.32	2.11	3.19	2.72	6.40	3.68	-1.00	-1.00	-1.0	-1.0
5085323.29	659472.20	365.35	11/07/2025	11:56:50.06	1.2	09	-0.39	2.11	3.55	2.98	6.53	3.85	-1.00	-1.00	-1.0	-1.0
5085323.34	659472.23	365.33	11/07/2025	11:56:50.51	1.2	09	-0.32	2.11	3.63	2.97	6.55	3.85	-1.00	-1.00	-1.0	-1.0
5085323.39	659472.26	365.30	11/07/2025	11:56:51.04	1.2	09	0.08	2.10	3.39	2.88	6.63	3.98	-1.00	-1.00	-1.0	-1.0
5085323.76	659472.32	365.30	11/07/2025	11:56:51.56	1.2	09	0.18	2.11	3.63	2.99	6.60	3.88	-1.00	-1.00	-1.0	-1.0
5085324.13	659472.37	365.30	11/07/2025	11:56:52.01	1.2	09	0.56	2.13	3.76	3.10	6.61	3.93	-1.00	-1.00	-1.0	-1.0
5085324.50	659472.36	365.25	11/07/2025	11:56:52.54	1.2	09	0.13	2.13	3.66	2.96	7.05	4.03	-1.00	-1.00	-1.0	-1.0
5085324.87	659472.35	365.20	11/07/2025	11:56:53.06	1.2	09	-0.20	2.11	3.86	3.02	7.25	3.94	-1.00	-1.00	-1.0	-1.0
5085325.25	659472.41	365.20	11/07/2025	11:56:53.51	1.2	09	0.02	2.13	4.05	3.12	7.12	3.97	-1.00	-1.00	-1.0	-1.0
5085325.62	659472.46	365.20	11/07/2025	11:56:54.04	1.2	09	0.18	2.10	3.70	2.87	6.97	3.92	-1.00	-1.00	-1.0	-1.0
5085325.99	659472.58	365.15	11/07/2025	11:56:54.56	1.2	09	0.06	2.12	3.80	3.02	6.99	3.95	-1.00	-1.00	-1.0	-1.0
5085326.36	659472.70	365.10	11/07/2025	11:56:55.01	1.2	09	0.20	2.13	3.94	3.13	6.73	3.92	-1.00	-1.00	-1.0	-1.0
5085326.74	659472.76	365.10	11/07/2025	11:56:55.54	1.2	09	0.08	2.12	3.51	2.91	6.66	3.90	-1.00	-1.00	-1.0	-1.0
5085327.11	659472.81	365.10	11/07/2025	11:56:56.06	1.2	09	0.21	2.13	3.78	3.02	6.96	4.00	-1.00	-1.00	-1.0	-1.0
5085327.48	659472.93	365.10	11/07/2025	11:56:56.51	1.2	09	0.22	2.14	4.14	3.17	7.03	3.96	-1.00	-1.00	-1.0	-1.0
5085327.86	659473.05	365.10	11/07/2025	11:56:57.04	1.2	09	0.13	2.11	3.60	2.94	6.65	3.92	-1.00	-1.00	-1.0	-1.0
5085328.23	659473.11	365.10	11/07/2025	11:56:57.57	1.2	09	0.08	2.11	3.40	2.98	6.60	4.02	-1.00	-1.00	-1.0	-1.0
5085328.60	659473.16	365.10	11/07/2025	11:56:58.02	1.2	09	0.00	2.13	3.90	3.18	6.75	3.99	-1.00	-1.00	-1.0	-1.0
5085328.97	659473.22	365.10	11/07/2025	11:56:58.54	1.2	09	-0.14	2.14	3.60	3.00	6.53	3.98	-1.00	-1.00	-1.0	-1.0
5085329.34	659473.27	365.10	11/07/2025	11:56:59.07	1.2	09	-0.19	2.11	3.41	2.96	6.58	3.99	-1.00	-1.00	-1.0	-1.0
5085329.71	659473.26	365.10	11/07/2025	11:56:59.51	1.2	09	-0.21	2.13	3.73	3.15	6.42	4.00	-1.00	-1.00	-1.0	-1.0
5085330.08	659473.25	365.10	11/07/2025	11:57:00.04	1.2	09	-0.02	2.12	3.48	2.96	6.21	3.93	-1.00	-1.00	-1.0	-1.0
5085330.45	659473.12	365.10	11/07/2025	11:57:00.56	1.2	09	-0.03	2.11	3.41	2.89	6.55	3.94	-1.00	-1.00	-1.0	-1.0
5085330.82	659472.98	365.10	11/07/2025	11:57:01.02	1.2	09	-0.16	2.12	3.81	3.10	6.45	4.04	-1.00	-1.00	-1.0	-1.0
5085331.19	659472.84	365.10	11/07/2025	11:57:01.54	1.2	09	-0.24	2.12	3.31	2.98	6.03	3.91	-1.00	-1.00	-1.0	-1.0
5085331.55	659472.70	365.10	11/07/2025	11:57:02.06	1.2	09	-0.17	2.12	3.07	2.99	6.08	3.98	-1.00	-1.00	-1.0	-1.0
5085331.83	659472.56	365.10	11/07/2025	11:57:02.51	1.2	09	-0.19	2.12	3.82	3.19	6.59	4.07	-1.00	-1.00	-1.0	-1.0
5085332.10	659472.43	365.10	11/07/2025	11:57:03.04	1.2	09	0.03	2.12	3.45	3.02	6.19	3.91	-1.00	-1.00	-1.0	-1.0
5085332.37	659472.16	365.05	11/07/2025	11:57:03.56	1.2	09	0.10	2.13	3.23	2.97	6.31	3.91	-1.00	-1.00	-1.0	-1.0
5085332.64	659471.90	365.00	11/07/2025	11:57:04.01	1.2	09	0.16	2.14	4.00	3.22	6.46	4.02	-1.00	-1.00	-1.0	-1.0
5085332.92	659471.69	365.00	11/07/2025	11:57:04.54	1.2	09	0.41	2.14	3.77	3.08	6.49	3.94	-1.00	-1.00	-1.0	-1.0
5085333.19	659471.49	365.00	11/07/2025	11:57:05.06	1.2	09	0.22	2.13	3.08	2.94	6.03	3.95	-1.00	-1.00	-1.0	-1.0
5085333.46	659471.36	365.00	11/07/2025	11:57:05.51	1.2	09	0.51	2.12	3.39	3.11	6.06	3.97	-1.00	-1.00	-1.0	-1.0
5085333.74	659471.22	365.00	11/07/2025	11:57:06.04	1.2	09	1.04	2.11	3.36	3.05	6.08	3.94	0.00	42.26	3.0	18.1
5085334.02	659471.21	364.95	11/07/2025	11:57:06.56	1.2	09	0.13	2.13	3.03	2.91	5.75	3.99	-1.00	-1.00	-1.0	-1.0
5085334.29	659471.21	364.90	11/07/2025	11:57:07.01	1.2	09	0.22	2.11	3.36	3.02	5.99	3.97	-1.00	-1.00	-1.0	-1.0
5085334.67	659471.33	364.90	11/07/2025	11:57:07.54	1.2	09	0.06	2.15	3.41	3.16	5.89	3.96	-1.00	-1.00	-1.0	-1.0
5085335.04	659471.45	364.90	11/07/2025	11:57:08.06	1.2	09	0.06	2.13	3.07	2.99	6.11	3.99	-1.00	-1.00	-1.0	-1.0
5085335.51	659471.50	364.95	11/07/2025	11:57:08.52	1.2	09	-0.07	2.14	3.21	3.08	5.91	4.05	-1.00	-1.00	-1.0	-1.0
5085335.97	659471.55	365.00	11/07/2025	11:57:09.04	1.2	09	0.00	2.15	3.46	3.21	5.82	4.02	-1.00	-1.00	-1.0	-1.0
5085336.34	659471.61	365.00	11/07/2025	11:57:09.57	1.2	09	-0.08	2.14	3.02	2.99	5.61	3.90	-1.00	-1.00	-1.0	-1.0
5085336.71	659471.66	365.00	11/07/2025	11:57:10.02	1.2	09	-0.12	2.14	2.77	3.00	5.38	3.97	-1.00	-1.00	-1.0	-1.0
5085337.18	659471.71	364.85	11/07/2025	11:57:10.54	1.2	09	-0.15	2.15	3.35	3.18	5.72	4.01	-1.00	-1.00	-1.0	-1.0
5085337.64	659471.77	364.70	11/07/2025	11:57:11.07	1.2	09	-0.43	2.13	2.76	2.95	5.23	3.93	-1.00	-1.00	-1.0	-1.0
5085338.02	659471.82	364.55	11/07/2025	11:57:11.52	1.2	09	-0.38	2.13	2.51	3.01	5.24	4.04	-1.00	-1.00	-1.0	-1.0
5085338.39	659471.88	364.40	11/07/2025	11:57:12.04	1.2	09	-0.46	2.14	2.64	3.21	5.38	4.05	-1.00	-1.00	-1.0	-1.0
5085338.76	659472.00	364.25	11/07/2025	11:57:12.57	1.2	09	0.10	2.13	2.16	3.01	5.12	4.01	-1.00	-1.00	-1.0	-1.0
5085339.13	659472.12	364.10	11/07/2025	11:57:13.02	1.2	09	-0.50	2.14	2.52	3.08	5.49	4.04	-1.00	-1.00	-1.0	-1.0
5085339.51	659472.17	363.95	11/07/2025	11:57:13.54	1.2	09	-0.61	2.14	2.61	3.24	5.05	4.09	-1.00	-1.00	-1.0	-1.0
5085339.88	659472.23	363.80	11/07/2025	11:57:14.07	1.2	09	-0.54	2.13	2.00	2.99	4.78	3.90	-1.00	-1.00	-1.0	-1.0
5085340.25	659472.28	363.65	11/07/2025	11:57:14.52	1.2	09	-0.63	2.14	1.90	2.95	4.91	3.95	-1.00	-1.00	-1.0	-1.0
5085340.62	659472.34	363.50	11/07/2025	11:57:15.04	1.2	09	-0.59	2.16	2.48	3.15	4.84	3.91	-1.00	-1.00	-1.0	-1.0
5085341.00	659472.46	363.30	11/07/2025	11:57:15.57	1.2	09	-0.62	2.16	2.10	3.04	4.73	3.94	-1.00	-1.00	-1.0	-1.0
5085341.37	659472.58	363.10	11/07/2025	11:57:16.01	1.2	09	-0.69	2.15	1.93	3.02	4.80	3.99	-1.00	-1.00	-1.0	-1.0
5085341.84	659472.69	362.95	11/07/2025	11:57:16.54	1.2	09	-0.88	2.17	2.45	3.24	5.04	3.98	-1.00	-1.00	-1.0	-1.0
5085342.30	659472.81	362.80	11/07/2025	11:57:17.06	1.2	09	-0.85	2.19	2.20	3.15	4.82	3.92	-1.00	-1.00	-1.0	-1.0
5085342.67	659472.87	362.65	11/07/2025	11:57:17.51	1.2	09	-0.65	2.15	1.98	2.99	5.02	3.97	-1.00	-1.00	-1.0	-1.0
5085343.05	659472.92	362.50	11/07/2025	11:57:18.04	1.2	09	-0.70	2.16	2.51	3.17	5.02	3.96	-1.00	-1.00	-1.0	-1.0
5085343.42	659473.04	362.30	11/07/2025	11:57:18.56	1.2	09	-0.59	2.18	2.38	3.12	4.88	3.91	-1.00	-1.00	-1.0	-1.0
5085343.79	659473.16	362.10	11/07/2025	11:57:19.01	1.2	09	-0.61	2.18	2.07	3.01	4.77	3.98	-1.00	-1.00	-1.0	-1.0
5085344.17	659473.28	361.95	11/07/2025	11:57:19.54	1.2	09	-0.70	2.15	2.32	3.15	4.74	3.93	-1.00	-1.00	-1.0	-1.0
5085344.54	659473.40	361.80	11/07/2025	11:57:20.06	1.2	09	-0.56	2.18	2.33	3.12	5.20	3.90	-1.00	-1.00	-1.0	-1.0
5085344.91	659473.52	361.70	11/07/2025	11:57:20.51	1.2	09	-0.30	2.15	2.29	2.96	4.42	3.81	-1.00	-1.00	-1.0	-1.0
5085345.29	659473.64	361.60	11/07/2025	11:57:21.04	1.2	09	-0.19	2.14	2.48	3.02	4.17	3.86	-1.00	-1.00	-1.0	-1.0
5085345.75	659473.76	361.45	11/07/2025	11:57:21.56	1.2	09	1.88	2.10	-1.97	3.10	5.01	3.94	-1.00	-1.00	-1.0	-1.0
5085346.22	659473.87	361.30	11/07/2025	11:57:22.01	1.2	09	-6.55	2.23	-2.38	3.11	3.48	3.97	-1.00	-1.00	-1.0	-1.0
5085346.50	659473.93	361.10	11/07/2025	11:57:22.54	1.2	09	1.77	2.10	3.02	2.95	5.17	3.84	0.60	390.85	6.3	7.8
5085346.78	659473.99	360.90	11/07/2025	11:57:22.99	1.2	09	0.50	2.16	2.05	3.15	5.03	3.87	0.00	55.41	4.1	43.5
5085347.25	659474.11	360.80	11/07/2025	11:57:23.51	1.2	09	-0.49	2.15	2.10	2.96	4.99	3.86	-1.00	-1.00	-1.0	-1.0
5085347.71	659474.22	360.70	11/07/2025	11:57:24.04	1.2	09	-0.41	2.14	2.67	3.03	5.26	3.88	-1.00	-1.00	-1.0	-1.0
5085348.08	659474.28	360.55	11/07/2025	11:57:24.49	1.2	09	-0.32	2.15	2.65	3.16	4.96	3.90	-1.00	-1.00	-1.0	-1.0
5085348.46	659474.33	360.40	11/07/2025	11:57:25.01	1.2	09	-0.34	2.17	2.21	2.99	5.03	3.87	-1.00	-1.00	-1.0	-1.0
5085348.83	659474.52	360.30	11/07/2025	11:57:25.54	1.2	09	-0.42	2.15	2.22	3.05	4.80	3.85	-1.00	-1.00	-1.0	-1.0
5085349.21	659474.70	360.20	11/07/2025	11:57:25.99	1.2	09	-0.38	2.18	2.51	3.16	5.07	3.79	-1.00	-1.00	-1.0	-1.0
5085349.49	659474.76	360.05	11/07/2025	11:57:26.51	1.2	09	-0.62	2.17	2.15	2.97	4.82	3.74	-1.00	-1.00	-1.0	-1.0
5085349.77	659474.82	359.90	11/07/2025	11:57:27.04	1.2	09	-0.49	2.16	2.54	3.03	5.00	3.71	-1.00	-1.00	-1.0	-1.0
5085350.14	659474.94	359.75	11/07/2025	11:57:27.49	1.2	09	-0.55	2.26	2.64	3.21	4.93	3.79	-1.00	-1.00	-1.0	-1.0
5085350.51	659475.06	359.60	11/07/2025	11:57:28.01	1.2	09	-0.65	2.20	2.41	2.98	5.07	3.73	-1.00	-1.00	-1.0	-1.0
5085350.89	659475.11	359.45	11/07/2025	11:57:28.54	1.2	09	-0.70	2.18	2.45	3.12	5.12	3.82	-1.00	-1.00	-1.0	-1.0
5085351.26	659475.17	359.30	11/07/2025	11:57:28.99	1.2	09	-0.47	2.10	2.80	3.26	5.15	3.92	-1.00	-1.00	-1.0	-1.0
5085351.63	659475.29	359.15	11/07/2025	11:57:29.51	1.2	09	-0.66	2.13	2.13	2.97	4.95	3.69	-1.00	-1.00	-1.0	-1.0
5085352.00	659475.41	359.00	11/07/2025	11:57:30.04	1.2	09	-0.88	2.17	2.28	2.98	4.99	3.72	-1.00	-1.00	-1.0	-1.0
5085352.38	659475.53	358.90	11/07/2025	11:57:30.49	1.2	09	-0.56	2.18	2.57	3.15	4.88	3.75	-1.00	-1.00	-1.0	-1.0
5085352.75	659475.65	358.80	11/07/2025	11:57:31.01	1.2	09	-0.86	2.15	1.98	2.94	4.42	3.72	-1.00	-1.00	-1.0	-1.0
5085353.13	659475.77	358.70	11/07/2025	11:57:31.54	1.2	09	-1.04	2.15	1.78	2.93	4.64	3.81	-1.00	-1.00	-1.0	-1.0
5085353.50	659475.89	358.60	11/07/2025	11:57:31.99	1.2	09	-1.06	2.16	2.24	3.14	4.54	3.90	-1.00	-1.00	-1.0	-1.0
5085353.87	659476.00	358.55	11/07/2025	11:57:32.52	1.2	09	-1.07	2.15	1.66	3.01	3.85	3.85	-1.00	-1.00	-1.0	-1.0
5085354.25	659476.12	358.50	11/07/2025	11:57:33.04	1.2	09	-0.31	2.16	-1.54	3.07	3.94	3.96	-1.00	-1.00	-1.0	-1.0
5085354.71	659476.31	358.40	11/07/2025	11:57:33.49	1.2	09	-7.04	2.22	-1.49	3.25	3.22	4.00	-1.00	-1.00	-1.0	-1.0
5085355.18	659476.49	358.30	11/07/2025	11:57:34.01	1.2	09	-0.96	2.16	1.35	2.99	4.01	3.93	-1.00	-1.00	-1.0	-1.0
5085355.55	659476.54	358.20	11/07/2025	11:57:34.54	1.2	09	-1.32	2.15	1.21	2.99	3.91	3.99	-1.00	-1.00	-1.0	-1.0
5085355.93	659476.60	358.10	11/07/2025	11:57:34.99	1.2	09	-1.03	2.16	1.54	3.14	3.96	3.90	-1.00	-1.00	-1.0	-1.0
5085356.30	659476.72	358.00	11/07/2025	11:57:35.51	1.2	09	-1.43	2.16	1.22	2.99	3.91	3.91	-1.00	-1.00	-1.0	-1.0
5085356.67	659476.84	357.90	11/07/2025	11:57:36.04	1.2	09	-1.47	2.15	1.28	3.01	4.12	4.02	-1.00	-1.00	-1.0	-1.0
5085357.05	659476.96	357.80	11/07/2025	11:57:36.49	1.2	09	-1.52	2.16	1.40	3.16	3.82	3.95	-1.00	-1.00	-1.0	-1.0
5085357.42	659477.08	357.70	11/07/2025	11:57:37.01	1.2	09	-1.54	2.17	1.15	3.04	3.90	3.87	-1.00	-1.00	-1.0	-1.0
5085357.79	659477.13	357.65	11/07/2025	11:57:37.54	1.2	09	-1.57	2.18	0.86	3.06	3.74	3.94	-1.00	-1.00	-1.0	-1.0
5085358.17	659477.19	357.60	11/07/2025	11:57:37.99	1.2	09	-1.36	2.18	1.52	3.17	4.28	3.89	-1.00	-1.00	-1.0	-1.0
5085358.54	659477.31	357.55	11/07/2025	11:57:38.51	1.2	09	-1.19	2.17	1.29	3.03	3.82	3.83	-1.00	-1.00	-1.0	-1.0
5085358.91	659477.43	357.50	11/07/2025	11:57:39.04	1.2	09	-1.37	2.17	1.02	2.99	4.02	3.89	-1.00	-1.00	-1.0	-1.0
5085359.28	659477.48	357.40	11/07/2025	11:57:39.49	1.2	09	-1.06	2.17	1.32	3.15	3.89	3.85	-1.00	-1.00	-1.0	-1.0
5085359.66	659477.54	357.30	11/07/2025	11:57:40.01	1.2	09	-0.88	2.20	1.01	3.13	3.58	3.87	-1.00	-1.00	-1.0	-1.0
5085360.03	659477.59	357.25	11/07/2025	11:57:40.54	1.2	09	-1.20	2.18	1.29	2.99	4.10	3.96	-1.00	-1.00	-1.0	-1.0
5085360.40	659477.65	357.20	11/07/2025	11:57:40.99	1.2	09	-1.28	2.18	1.58	3.11	4.26	3.90	-1.00	-1.00	-1.0	-1.0
5085360.77	659477.70	357.10	11/07/2025	11:57:41.51	1.2	09	-1.00	2.19	1.92	3.19	4.30	3.89	-1.00	-1.00	-1.0	-1.0
5085361.14	659477.76	357.00	11/07/2025	11:57:42.04	1.2	09	-1.14	2.18	1.57	3.02	4.17	3.89	-1.00	-1.00	-1.0	-1.0
5085361.42	659477.75	356.95	11/07/2025	11:57:42.49	1.2	09	-1.11	2.18	1.80	3.08	4.34	3.94	-1.00	-1.00	-1.0	-1.0
5085361.70	659477.74	356.90	11/07/2025	11:57:43.01	1.2	09	-0.95	2.21	2.16	3.20	4.50	3.93	-1.00	-1.00	-1.0	-1.0
5085362.17	659477.86	356.80	11/07/2025	11:57:43.54	1.2	09	-0.96	2.18	1.76	3.03	4.31	3.87	-1.00	-1.00	-1.0	-1.0
5085362.63	659477.98	356.70	11/07/2025	11:57:43.99	1.2	09	-1.13	2.18	1.90	3.07	4.68	3.93	-1.00	-1.00	-1.0	-1.0
5085363.00	659478.03	356.65	11/07/2025	11:57:44.51	1.2	09	-0.71	2.19	2.34	3.21	4.87	3.96	-1.00	-1.00	-1.0	-1.0
5085363.38	659478.09	356.60	11/07/2025	11:57:45.04	1.2	09	-0.81	2.20	1.80	3.09	4.70	3.93	-1.00	-1.00	-1.0	-1.0
5085363.75	659478.21	356.55	11/07/2025	11:57:45.49	1.2	09	-0.91	2.19	2.06	3.16	4.88	3.97	-1.00	-1.00	-1.0	-1.0
5085364.12	659478.33	356.50	11/07/2025	11:57:46.01	1.2	09	-1.00	2.22	1.88	3.28	4.73	4.01	-1.00	-1.00	-1.0	-1.0
5085364.59	659478.45	356.45	11/07/2025	11:57:46.54	1.2	09	-1.13	2.21	2.00	3.06	4.80	4.08	-1.00	-1.00	-1.0	-1.0
5085365.06	659478.56	356.40	11/07/2025	11:57:46.99	1.2	09	-0.81	2.15	2.51	3.13	5.18	4.11	-1.00	-1.00	-1.0	-1.0
5085365.43	659478.62	356.35	11/07/2025	11:57:47.51	1.2	09	-0.41	2.16	2.71	3.19	5.06	4.06	-1.00	-1.00	-1.0	-1.0
5085365.80	659478.67	356.30	11/07/2025	11:57:48.04	1.2	09	-0.04	2.16	2.51	2.99	5.23	3.94	-1.00	-1.00	-1.0	-1.0
5085366.17	659478.73	356.25	11/07/2025	11:57:48.49	1.2	09	-0.20	2.16	2.69	3.09	5.11	3.93	-1.00	-1.00	-1.0	-1.0
5085366.54	659478.78	356.20	11/07/2025	11:57:49.01	1.2	09	0.01	2.19	2.92	3.15	5.22	3.98	-1.00	-1.00	-1.0	-1.0
5085366.92	659478.84	356.15	11/07/2025	11:57:49.54	1.2	09	-0.11	2.19	2.67	3.01	5.27	4.02	-1.00	-1.00	-1.0	-1.0
5085367.29	659478.89	356.10	11/07/2025	11:57:49.99	1.2	09	0.14	2.16	3.03	3.13	5.45	4.03	-1.00	-1.00	-1.0	-1.0
5085367.66	659478.95	356.05	11/07/2025	11:57:50.51	1.2	09	0.10	2.17	2.95	3.13	5.29	3.97	-1.00	-1.00	-1.0	-1.0
5085368.03	659479.00	356.00	11/07/2025	11:57:51.04	1.2	09	0.37	2.17	3.21	2.99	5.75	3.99	-1.00	-1.00	-1.0	-1.0
5085368.41	659479.12	355.95	11/07/2025	11:57:51.49	1.2	09	0.65	2.15	3.67	3.10	5.76	3.97	-1.00	-1.00	-1.0	-1.0
5085368.78	659479.24	355.90	11/07/2025	11:57:52.01	1.2	09	0.48	2.20	3.54	3.20	5.73	3.94	-1.00	-1.00	-1.0	-1.0
5085369.15	659479.30	355.85	11/07/2025	11:57:52.54	1.2	09	0.37	2.19	3.11	3.05	5.70	3.94	-1.00	-1.00	-1.0	-1.0
5085369.52	659479.35	355.80	11/07/2025	11:57:52.99	1.2	09	0.30	2.19	3.40	3.19	5.74	3.96	-1.00	-1.00	-1.0	-1.0
5085369.90	659479.47	355.75	11/07/2025	11:57:53.51	1.2	09	0.16	2.25	3.33	3.21	5.82	3.97	-1.00	-1.00	-1.0	-1.0
5085370.27	659479.59	355.70	11/07/2025	11:57:54.04	1.2	09	-1.19	2.18	2.67	3.03	5.53	3.95	-1.00	-1.00	-1.0	-1.0
5085370.65	659479.71	355.65	11/07/2025	11:57:54.49	1.2	09	-0.20	2.16	2.71	3.13	5.98	3.87	-1.00	-1.00	-1.0	-1.0
5085371.02	659479.83	355.60	11/07/2025	11:57:55.01	1.2	09	0.64	2.20	3.31	3.14	6.22	3.88	-1.00	-1.00	-1.0	-1.0
5085371.39	659479.95	355.55	11/07/2025	11:57:55.54	1.2	09	0.19	2.18	3.08	3.01	6.43	3.95	-1.00	-1.00	-1.0	-1.0
5085371.77	659480.07	355.50	11/07/2025	11:57:55.99	1.2	09	-0.20	2.20	3.36	3.24	6.30	3.95	-1.00	-1.00	-1.0	-1.0
5085372.14	659480.13	355.40	11/07/2025	11:57:56.51	1.2	09	-0.12	2.20	2.40	3.12	6.36	3.98	-1.00	-1.00	-1.0	-1.0
5085372.51	659480.18	355.30	11/07/2025	11:57:56.96	1.2	09	-1.29	2.16	2.51	2.99	6.46	3.99	-1.00	-1.00	-1.0	-1.0
5085372.98	659480.30	355.25	11/07/2025	11:57:57.49	1.2	09	0.27	2.20	3.52	3.20	6.84	4.03	-1.00	-1.00	-1.0	-1.0
5085373.44	659480.42	355.20	11/07/2025	11:57:58.01	1.2	09	1.09	2.20	3.68	3.21	7.09	4.02	0.00	57.90	3.4	22.6
5085373.82	659480.54	355.15	11/07/2025	11:57:58.46	1.2	09	2.04	2.17	3.59	3.08	7.76	4.12	0.09	71.20	3.4	11.6
5085374.19	659480.66	355.10	11/07/2025	11:57:58.99	1.2	09	0.18	2.17	4.27	3.16	8.56	4.10	-1.00	-1.00	-1.0	-1.0
5085374.56	659480.71	355.05	11/07/2025	11:57:59.51	1.2	09	0.58	2.19	4.84	3.30	9.67	4.10	-1.00	-1.00	-1.0	-1.0
5085374.93	659480.77	355.00	11/07/2025	11:57:59.96	1.2	09	0.60	2.19	5.04	3.12	10.88	4.06	-1.00	-1.00	-1.0	-1.0
5085375.31	659480.82	354.95	11/07/2025	11:58:00.49	1.2	09	0.85	2.19	6.28	3.11	13.92	4.23	-1.00	-1.00	-1.0	-1.0
5085375.68	659480.88	354.90	11/07/2025	11:58:01.01	1.2	09	1.48	2.17	8.04	3.32	18.92	4.44	-1.00	-1.00	-1.0	-1.0
5085375.95	659480.80	354.90	11/07/2025	11:58:01.46	1.2	09	2.54	2.19	11.83	3.27	30.66	5.00	-1.00	-1.00	-1.0	-1.0
5085376.23	659480.73	354.90	11/07/2025	11:58:01.99	1.2	09	5.58	2.20	21.90	3.48	56.79	7.70	1.20	622.85	3.0	38.9
5085376.50	659480.47	354.90	11/07/2025	11:58:02.51	1.2	09	13.76	2.30	43.26	5.37	82.11	14.25	0.17	462.70	1.8	22.1
5085376.77	659480.20	354.90	11/07/2025	11:58:02.96	1.2	09	32.72	2.79	83.83	9.26	134.75	19.17	2.22	579.96	1.3	9.0
5085376.86	659479.81	354.95	11/07/2025	11:58:03.49	1.2	09	163.65	8.84	153.31	19.38	176.63	19.27	145.60	350.05	1.3	5.4
5085376.94	659479.42	355.00	11/07/2025	11:58:04.01	1.2	09	264.28	16.27	160.03	26.24	148.55	24.29	1029.57	147.42	0.1	4.5
5085376.84	659479.16	354.95	11/07/2025	11:58:04.47	1.2	09	102.73	5.55	114.92	10.32	110.05	12.65	13.98	117.67	0.1	5.7
5085376.74	659478.91	354.90	11/07/2025	11:58:04.99	1.2	09	54.67	3.31	71.64	6.54	75.46	8.73	7.10	83.66	0.2	5.2
5085376.46	659478.72	354.85	11/07/2025	11:58:05.51	1.2	09	24.95	2.41	39.92	4.14	45.91	5.53	3.78	51.79	0.3	3.2
5085376.17	659478.53	354.80	11/07/2025	11:58:05.96	1.2	09	4.49	2.11	14.46	3.27	22.19	3.87	0.19	101.88	1.9	15.8
5085375.89	659478.41	354.75	11/07/2025	11:58:06.49	1.2	09	-1.02	2.25	7.72	3.31	14.09	3.95	-1.00	-1.00	-1.0	-1.0
5085375.61	659478.29	354.70	11/07/2025	11:58:07.01	1.2	09	2.13	2.23	5.76	3.15	10.73	4.08	0.18	42.47	2.0	13.6
5085375.33	659478.10	354.85	11/07/2025	11:58:07.46	1.2	09	-0.67	2.26	4.58	3.36	8.84	4.10	-1.00	-1.00	-1.0	-1.0
5085375.05	659477.92	355.00	11/07/2025	11:58:07.99	1.2	09	-4.90	2.23	3.18	3.27	7.31	3.96	-1.00	-1.00	-1.0	-1.0
5085374.67	659477.86	355.00	11/07/2025	11:58:08.52	1.2	09	0.08	2.23	3.15	3.14	6.87	3.99	-1.00	-1.00	-1.0	-1.0
5085374.30	659477.81	355.00	11/07/2025	11:58:08.96	1.2	09	-0.64	2.26	2.22	3.26	6.06	4.04	-1.00	-1.00	-1.0	-1.0
5085373.93	659477.75	354.90	11/07/2025	11:58:09.49	1.2	09	-1.09	2.30	2.25	3.29	5.82	3.92	-1.00	-1.00	-1.0	-1.0
5085373.56	659477.70	354.80	11/07/2025	11:58:10.01	1.2	09	0.04	2.25	2.48	3.17	5.70	3.91	-1.00	-1.00	-1.0	-1.0
5085373.09	659477.64	354.70	11/07/2025	11:58:10.46	1.2	09	-1.32	2.30	2.16	3.21	5.24	3.97	-1.00	-1.00	-1.0	-1.0
5085372.63	659477.59	354.60	11/07/2025	11:58:10.99	1.2	09	-0.92	2.29	2.43	3.34	5.16	3.92	-1.00	-1.00	-1.0	-1.0
5085372.26	659477.60	354.50	11/07/2025	11:58:11.52	1.2	09	-0.90	2.22	1.63	3.17	4.90	3.83	-1.00	-1.00	-1.0	-1.0
5085371.89	659477.61	354.40	11/07/2025	11:58:11.96	1.2	09	-1.80	2.35	1.21	3.24	4.72	3.93	-1.00	-1.00	-1.0	-1.0
5085371.43	659477.62	354.35	11/07/2025	11:58:12.49	1.2	09	-1.30	2.34	1.94	3.31	4.98	3.89	-1.00	-1.00	-1.0	-1.0
5085370.96	659477.63	354.30	11/07/2025	11:58:13.01	1.2	09	-1.10	2.26	1.54	3.18	4.98	3.85	-1.00	-1.00	-1.0	-1.0
5085370.59	659477.64	354.20	11/07/2025	11:58:13.46	1.2	09	-1.44	2.29	1.73	3.24	4.97	3.99	-1.00	-1.00	-1.0	-1.0
5085370.22	659477.65	354.10	11/07/2025	11:58:13.99	1.2	09	-1.26	2.33	1.89	3.40	4.80	4.00	-1.00	-1.00	-1.0	-1.0
5085369.76	659477.67	354.05	11/07/2025	11:58:14.51	1.2	09	-1.11	2.26	1.67	3.19	4.75	3.90	-1.00	-1.00	-1.0	-1.0
5085369.30	659477.68	354.00	11/07/2025	11:58:14.96	1.2	09	-1.15	2.28	1.83	3.24	4.65	3.99	-1.00	-1.00	-1.0	-1.0
5085368.83	659477.56	354.00	11/07/2025	11:58:15.49	1.2	09	-1.15	2.30	1.38	3.32	4.63	3.88	-1.00	-1.00	-1.0	-1.0
5085368.36	659477.44	354.00	11/07/2025	11:58:16.01	1.2	09	-3.40	2.28	1.06	3.11	4.31	3.89	-1.00	-1.00	-1.0	-1.0
5085367.99	659477.45	353.95	11/07/2025	11:58:16.46	1.2	09	-1.77	2.25	1.50	3.18	4.10	4.01	-1.00	-1.00	-1.0	-1.0
5085367.62	659477.46	353.90	11/07/2025	11:58:16.98	1.2	09	-0.63	2.26	1.39	3.28	3.95	3.94	-1.00	-1.00	-1.0	-1.0
5085367.25	659477.41	353.85	11/07/2025	11:58:17.51	1.2	09	-4.97	2.28	1.06	3.18	4.14	3.95	-1.00	-1.00	-1.0	-1.0
5085366.88	659477.35	353.80	11/07/2025	11:58:17.96	1.2	09	-0.74	2.25	1.51	3.23	4.48	3.94	-1.00	-1.00	-1.0	-1.0
5085366.41	659477.23	353.75	11/07/2025	11:58:18.48	1.2	09	-1.48	2.32	1.51	3.29	4.55	3.81	-1.00	-1.00	-1.0	-1.0
5085365.95	659477.12	353.70	11/07/2025	11:58:19.01	1.2	09	-2.14	2.33	1.03	3.10	4.31	3.79	-1.00	-1.00	-1.0	-1.0
5085365.57	659477.06	353.60	11/07/2025	11:58:19.46	1.2	09	-1.83	2.31	1.49	3.22	4.16	3.81	-1.00	-1.00	-1.0	-1.0
5085365.20	659477.01	353.50	11/07/2025	11:58:19.98	1.2	09	-1.54	2.28	1.48	3.18	4.23	3.75	-1.00	-1.00	-1.0	-1.0
5085364.74	659476.95	353.45	11/07/2025	11:58:20.51	1.2	09	-2.06	2.32	1.03	3.07	3.98	3.83	-1.00	-1.00	-1.0	-1.0
5085364.27	659476.90	353.40	11/07/2025	11:58:20.96	1.2	09	-1.86	2.33	1.57	3.27	4.21	3.85	-1.00	-1.00	-1.0	-1.0
5085363.90	659476.85	353.35	11/07/2025	11:58:21.48	1.2	09	-1.62	2.29	1.14	3.15	3.72	3.77	-1.00	-1.00	-1.0	-1.0
5085363.53	659476.79	353.30	11/07/2025	11:58:22.01	1.2	09	-1.90	2.30	1.01	3.08	4.13	3.82	-1.00	-1.00	-1.0	-1.0
5085363.06	659476.67	353.25	11/07/2025	11:58:22.46	1.2	09	-1.81	2.31	1.56	3.26	4.24	3.81	-1.00	-1.00	-1.0	-1.0
5085362.60	659476.56	353.20	11/07/2025	11:58:22.98	1.2	09	-1.79	2.26	0.93	3.09	4.11	3.77	-1.00	-1.00	-1.0	-1.0
5085362.22	659476.50	353.15	11/07/2025	11:58:23.51	1.2	09	-8.93	2.09	0.39	3.11	4.07	3.78	-1.00	-1.00	-1.0	-1.0
5085361.85	659476.45	353.10	11/07/2025	11:58:23.96	1.2	09	-3.80	2.31	0.32	3.22	3.60	3.76	-1.00	-1.00	-1.0	-1.0
5085361.39	659476.39	353.10	11/07/2025	11:58:24.48	1.2	09	-1.62	2.31	1.25	3.14	4.32	3.83	-1.00	-1.00	-1.0	-1.0
5085360.92	659476.34	353.10	11/07/2025	11:58:25.01	1.2	09	-2.25	2.34	1.20	3.22	4.11	3.82	-1.00	-1.00	-1.0	-1.0
5085360.55	659476.22	353.05	11/07/2025	11:58:25.46	1.2	09	-1.93	2.38	1.14	3.34	3.98	3.88	-1.00	-1.00	-1.0	-1.0
5085360.18	659476.10	353.00	11/07/2025	11:58:25.98	1.2	09	-2.07	2.30	0.94	3.17	4.15	3.86	-1.00	-1.00	-1.0	-1.0
5085359.80	659476.05	352.95	11/07/2025	11:58:26.51	1.2	09	-2.19	2.29	1.21	3.31	4.19	3.95	-1.00	-1.00	-1.0	-1.0
5085359.43	659475.99	352.90	11/07/2025	11:58:26.96	1.2	09	-1.89	2.29	1.31	3.32	4.20	3.86	-1.00	-1.00	-1.0	-1.0
5085358.97	659475.87	352.95	11/07/2025	11:58:27.48	1.2	09	-2.29	2.29	0.90	3.17	3.92	3.84	-1.00	-1.00	-1.0	-1.0
5085358.50	659475.76	353.00	11/07/2025	11:58:28.01	1.2	09	-2.06	2.26	1.28	3.30	4.07	3.90	-1.00	-1.00	-1.0	-1.0
5085358.13	659475.70	352.95	11/07/2025	11:58:28.46	1.2	09	-1.87	2.28	1.30	3.26	4.21	3.84	-1.00	-1.00	-1.0	-1.0
5085357.76	659475.65	352.90	11/07/2025	11:58:28.98	1.2	09	-1.74	2.26	1.20	3.09	4.03	3.87	-1.00	-1.00	-1.0	-1.0
5085357.38	659475.53	352.95	11/07/2025	11:58:29.51	1.2	09	-1.54	2.25	1.42	3.27	3.88	3.91	-1.00	-1.00	-1.0	-1.0
5085357.01	659475.41	353.00	11/07/2025	11:58:29.96	1.2	09	-1.81	2.28	1.23	3.24	4.01	3.87	-1.00	-1.00	-1.0	-1.0
5085356.54	659475.35	353.00	11/07/2025	11:58:30.48	1.2	09	-1.91	2.30	0.95	3.15	4.34	3.95	-1.00	-1.00	-1.0	-1.0
5085356.08	659475.30	353.00	11/07/2025	11:58:31.01	1.2	09	-1.92	2.28	1.60	3.35	4.31	4.04	-1.00	-1.00	-1.0	-1.0
5085355.70	659475.18	353.00	11/07/2025	11:58:31.46	1.2	09	-1.43	2.27	1.89	3.23	4.76	3.97	-1.00	-1.00	-1.0	-1.0
5085355.33	659475.06	353.00	11/07/2025	11:58:31.98	1.2	09	-1.47	2.25	1.76	3.21	4.41	4.03	-1.00	-1.00	-1.0	-1.0
5085354.87	659475.01	353.05	11/07/2025	11:58:32.51	1.2	09	-1.16	2.26	1.72	3.33	4.40	3.98	-1.00	-1.00	-1.0	-1.0
5085354.40	659474.96	353.10	11/07/2025	11:58:32.96	1.2	09	-1.67	2.25	1.30	3.13	4.13	3.92	-1.00	-1.00	-1.0	-1.0
5085353.94	659474.84	353.05	11/07/2025	11:58:33.49	1.2	09	-1.55	2.25	1.41	3.17	4.28	3.94	-1.00	-1.00	-1.0	-1.0
5085353.47	659474.72	353.00	11/07/2025	11:58:34.01	1.2	09	-1.62	2.30	1.76	3.34	4.31	4.00	-1.00	-1.00	-1.0	-1.0
5085353.10	659474.60	353.05	11/07/2025	11:58:34.46	1.2	09	-1.99	2.29	1.36	3.15	4.16	3.95	-1.00	-1.00	-1.0	-1.0
5085352.72	659474.48	353.10	11/07/2025	11:58:34.98	1.2	09	-1.53	2.26	1.17	3.24	4.02	4.02	-1.00	-1.00	-1.0	-1.0
5085352.35	659474.36	353.15	11/07/2025	11:58:35.51	1.2	09	-1.98	2.29	1.90	3.29	4.38	3.96	-1.00	-1.00	-1.0	-1.0
5085351.97	659474.24	353.20	11/07/2025	11:58:35.96	1.2	09	-1.31	2.29	1.54	3.13	4.32	3.95	-1.00	-1.00	-1.0	-1.0
5085351.51	659474.19	353.20	11/07/2025	11:58:36.49	1.2	09	-0.88	2.27	1.70	3.33	4.53	4.05	-1.00	-1.00	-1.0	-1.0
5085351.05	659474.14	353.20	11/07/2025	11:58:36.93	1.2	09	-0.73	2.29	2.12	3.30	4.47	3.96	-1.00	-1.00	-1.0	-1.0
5085350.67	659474.02	353.25	11/07/2025	11:58:37.46	1.2	09	-1.10	2.29	1.80	3.12	4.27	3.98	-1.00	-1.00	-1.0	-1.0
5085350.30	659473.90	353.30	11/07/2025	11:58:37.98	1.2	09	-1.14	2.27	2.27	3.30	4.48	4.01	-1.00	-1.00	-1.0	-1.0
5085349.83	659473.78	353.30	11/07/2025	11:58:38.44	1.2	09	-0.99	2.30	2.23	3.25	4.58	3.98	-1.00	-1.00	-1.0	-1.0
5085349.37	659473.66	353.30	11/07/2025	11:58:38.96	1.2	09	-0.88	2.32	2.17	3.19	4.65	4.02	-1.00	-1.00	-1.0	-1.0
5085348.90	659473.61	353.30	11/07/2025	11:58:39.48	1.2	09	-0.79	2.26	2.51	3.29	4.83	3.99	-1.00	-1.00	-1.0	-1.0
5085348.44	659473.56	353.30	11/07/2025	11:58:39.93	1.2	09	-0.70	2.23	2.42	3.13	4.73	3.94	-1.00	-1.00	-1.0	-1.0
5085347.97	659473.44	353.30	11/07/2025	11:58:40.46	1.2	09	-0.32	2.22	2.43	3.14	4.72	3.97	-1.00	-1.00	-1.0	-1.0
5085347.50	659473.32	353.30	11/07/2025	11:58:40.98	1.2	09	-0.47	2.33	2.61	3.29	4.55	3.97	-1.00	-1.00	-1.0	-1.0
5085347.13	659473.27	353.30	11/07/2025	11:58:41.43	1.2	09	-0.48	2.27	2.30	3.15	4.58	4.06	-1.00	-1.00	-1.0	-1.0
5085346.76	659473.21	353.30	11/07/2025	11:58:41.96	1.2	09	-0.71	2.28	2.22	3.28	4.85	4.04	-1.00	-1.00	-1.0	-1.0
5085346.29	659473.10	353.30	11/07/2025	11:58:42.48	1.2	09	-0.50	2.43	2.48	3.40	5.10	4.03	-1.00	-1.00	-1.0	-1.0
5085345.83	659472.98	353.30	11/07/2025	11:58:42.93	1.2	09	-0.70	2.27	2.31	3.14	5.00	3.97	-1.00	-1.00	-1.0	-1.0
5085345.46	659472.92	353.30	11/07/2025	11:58:43.46	1.2	09	-0.70	2.24	2.30	3.18	4.84	3.93	-1.00	-1.00	-1.0	-1.0
5085345.08	659472.87	353.30	11/07/2025	11:58:43.98	1.2	09	-0.74	2.32	2.32	3.26	4.87	3.91	-1.00	-1.00	-1.0	-1.0
5085344.71	659472.75	353.30	11/07/2025	11:58:44.44	1.2	09	-0.90	2.26	2.37	3.13	5.29	3.93	-1.00	-1.00	-1.0	-1.0
5085344.34	659472.63	353.30	11/07/2025	11:58:44.96	1.2	09	-0.81	2.27	2.74	3.30	5.52	4.03	-1.00	-1.00	-1.0	-1.0
5085343.87	659472.51	353.30	11/07/2025	11:58:45.48	1.2	09	-0.91	2.28	2.34	3.19	4.98	3.99	-1.00	-1.00	-1.0	-1.0
5085343.40	659472.39	353.30	11/07/2025	11:58:45.94	1.2	09	-0.85	2.26	2.25	3.08	4.98	4.00	-1.00	-1.00	-1.0	-1.0
5085343.03	659472.27	353.30	11/07/2025	11:58:46.46	1.2	09	-0.86	2.27	2.48	3.33	5.21	3.98	-1.00	-1.00	-1.0	-1.0
5085342.66	659472.15	353.30	11/07/2025	11:58:46.98	1.2	09	-1.02	2.29	2.48	3.24	5.11	3.93	-1.00	-1.00	-1.0	-1.0
5085342.19	659472.10	353.30	11/07/2025	11:58:47.43	1.2	09	-0.70	2.22	2.27	3.13	4.89	4.09	-1.00	-1.00	-1.0	-1.0
5085341.73	659472.05	353.30	11/07/2025	11:58:47.96	1.2	09	-1.41	2.27	0.99	3.43	4.79	4.06	-1.00	-1.00	-1.0	-1.0
5085341.35	659471.93	353.25	11/07/2025	11:58:48.48	1.2	09	-0.10	2.21	2.35	3.10	5.17	3.91	-1.00	-1.00	-1.0	-1.0
5085340.98	659471.81	353.20	11/07/2025	11:58:48.93	1.2	09	-0.66	2.18	2.38	3.15	5.05	4.01	-1.00	-1.00	-1.0	-1.0
5085340.52	659471.76	353.20	11/07/2025	11:58:49.46	1.2	09	-0.79	2.20	2.55	3.21	5.17	3.95	-1.00	-1.00	-1.0	-1.0
5085340.05	659471.70	353.20	11/07/2025	11:58:49.98	1.2	09	-0.64	2.18	2.50	3.02	4.74	3.92	-1.00	-1.00	-1.0	-1.0
5085339.77	659471.58	353.20	11/07/2025	11:58:50.44	1.2	09	-0.25	2.21	1.92	3.27	4.95	4.04	-1.00	-1.00	-1.0	-1.0
5085339.49	659471.46	353.20	11/07/2025	11:58:50.96	1.2	09	-4.40	2.27	-2.02	3.41	4.35	4.00	-1.00	-1.00	-1.0	-1.0
5085339.12	659471.40	353.15	11/07/2025	11:58:51.49	1.2	09	-9.87	2.26	0.09	3.10	4.57	3.96	-1.00	-1.00	-1.0	-1.0
5085338.74	659471.35	353.10	11/07/2025	11:58:51.93	1.2	09	-0.75	2.17	2.75	3.16	5.14	3.97	-1.00	-1.00	-1.0	-1.0
5085338.37	659471.23	353.10	11/07/2025	11:58:52.46	1.2	09	-0.82	2.19	2.68	3.17	5.24	3.89	-1.00	-1.00	-1.0	-1.0
5085338.00	659471.11	353.10	11/07/2025	11:58:52.99	1.2	09	-0.74	2.19	2.31	3.08	5.19	3.97	-1.00	-1.00	-1.0	-1.0
5085337.62	659471.06	353.05	11/07/2025	11:58:53.43	1.2	09	-0.72	2.18	2.67	3.24	5.08	4.10	-1.00	-1.00	-1.0	-1.0
5085337.25	659471.00	353.00	11/07/2025	11:58:53.96	1.2	09	-0.60	2.18	2.50	3.10	5.17	3.90	-1.00	-1.00	-1.0	-1.0
5085336.88	659470.88	353.00	11/07/2025	11:58:54.48	1.2	09	-0.67	2.18	2.47	3.05	5.50	3.93	-1.00	-1.00	-1.0	-1.0
5085336.51	659470.76	353.00	11/07/2025	11:58:54.93	1.2	09	-0.62	2.19	2.92	3.23	5.61	4.01	-1.00	-1.00	-1.0	-1.0
5085336.04	659470.64	352.95	11/07/2025	11:58:55.46	1.2	09	-0.91	2.20	2.32	3.10	5.23	4.00	-1.00	-1.00	-1.0	-1.0
5085335.57	659470.53	352.90	11/07/2025	11:58:55.99	1.2	09	-0.13	2.17	1.39	3.20	5.30	4.10	-1.00	-1.00	-1.0	-1.0
5085335.20	659470.47	352.90	11/07/2025	11:58:56.43	1.2	09	-0.24	2.15	2.55	3.44	5.39	4.09	-1.00	-1.00	-1.0	-1.0
5085334.83	659470.42	352.90	11/07/2025	11:58:56.96	1.2	09	-0.35	2.13	2.73	3.15	5.69	4.04	-1.00	-1.00	-1.0	-1.0
5085334.46	659470.30	352.85	11/07/2025	11:58:57.48	1.2	09	-0.30	2.17	2.91	3.20	5.86	4.06	-1.00	-1.00	-1.0	-1.0
5085334.08	659470.18	352.80	11/07/2025	11:58:57.94	1.2	09	-0.20	2.19	3.34	3.26	6.12	4.05	-1.00	-1.00	-1.0	-1.0
5085333.71	659470.12	352.80	11/07/2025	11:58:58.46	1.2	09	-0.26	2.18	3.15	3.07	6.19	3.97	-1.00	-1.00	-1.0	-1.0
5085333.34	659470.07	352.80	11/07/2025	11:58:58.99	1.2	09	-0.09	2.16	3.53	3.24	6.11	4.08	-1.00	-1.00	-1.0	-1.0
5085332.96	659469.95	352.80	11/07/2025	11:58:59.44	1.2	09	0.09	2.17	3.62	3.20	6.14	4.04	-1.00	-1.00	-1.0	-1.0
5085332.59	659469.83	352.80	11/07/2025	11:58:59.96	1.2	09	0.00	2.16	3.24	3.01	6.04	3.98	-1.00	-1.00	-1.0	-1.0
5085332.13	659469.77	352.75	11/07/2025	11:59:00.49	1.2	09	-0.17	2.19	3.48	3.21	6.42	4.00	-1.00	-1.00	-1.0	-1.0
5085331.66	659469.72	352.70	11/07/2025	11:59:00.94	1.2	09	0.00	2.21	3.65	3.16	6.26	3.97	-1.00	-1.00	-1.0	-1.0
5085331.29	659469.60	352.70	11/07/2025	11:59:01.46	1.2	09	0.06	2.15	3.53	3.03	6.46	3.97	-1.00	-1.00	-1.0	-1.0
5085330.91	659469.48	352.70	11/07/2025	11:59:01.99	1.2	09	0.01	2.16	3.82	3.30	6.32	4.02	-1.00	-1.00	-1.0	-1.0
5085330.54	659469.36	352.65	11/07/2025	11:59:02.44	1.2	09	-0.05	2.18	3.51	3.10	6.43	3.89	-1.00	-1.00	-1.0	-1.0
5085330.17	659469.24	352.60	11/07/2025	11:59:02.96	1.2	09	-0.01	2.16	3.66	3.06	6.79	3.95	-1.00	-1.00	-1.0	-1.0
5085329.70	659469.19	352.60	11/07/2025	11:59:03.49	1.2	09	0.06	2.16	4.07	3.19	6.51	3.97	-1.00	-1.00	-1.0	-1.0
5085329.24	659469.14	352.60	11/07/2025	11:59:03.94	1.3	08	0.15	2.15	3.67	2.98	6.56	3.92	-1.00	-1.00	-1.0	-1.0
5085328.77	659469.02	352.60	11/07/2025	11:59:04.46	1.3	08	0.03	2.16	3.92	3.19	6.77	3.97	-1.00	-1.00	-1.0	-1.0
5085328.30	659468.90	352.60	11/07/2025	11:59:04.99	1.3	08	0.03	2.18	4.02	3.18	6.66	3.98	-1.00	-1.00	-1.0	-1.0
5085327.93	659468.85	352.55	11/07/2025	11:59:05.44	1.3	08	0.08	2.16	3.66	2.99	6.73	4.02	-1.00	-1.00	-1.0	-1.0
5085327.56	659468.79	352.50	11/07/2025	11:59:05.96	1.3	08	0.16	2.16	3.90	3.20	7.04	4.00	-1.00	-1.00	-1.0	-1.0
5085327.09	659468.67	352.50	11/07/2025	11:59:06.49	1.3	08	0.18	2.18	3.64	3.19	7.04	4.01	-1.00	-1.00	-1.0	-1.0
5085326.63	659468.56	352.50	11/07/2025	11:59:06.94	1.2	09	0.05	2.15	3.45	3.12	6.54	4.03	-1.00	-1.00	-1.0	-1.0
5085326.16	659468.50	352.50	11/07/2025	11:59:07.46	1.2	09	0.00	2.18	4.07	3.23	6.97	4.00	-1.00	-1.00	-1.0	-1.0
5085325.70	659468.45	352.50	11/07/2025	11:59:07.91	1.2	09	0.19	2.18	3.55	3.07	6.34	4.01	-1.00	-1.00	-1.0	-1.0
5085325.23	659468.40	352.50	11/07/2025	11:59:08.44	1.2	09	0.59	2.14	3.55	3.15	6.51	4.07	-1.00	-1.00	-1.0	-1.0
5085324.77	659468.35	352.50	11/07/2025	11:59:08.96	1.2	09	0.84	2.16	3.81	3.28	6.57	4.00	-1.00	-1.00	-1.0	-1.0
5085324.30	659468.23	352.55	11/07/2025	11:59:09.41	1.2	09	0.66	2.16	3.58	3.04	6.51	3.98	-1.00	-1.00	-1.0	-1.0
5085323.84	659468.11	352.60	11/07/2025	11:59:09.94	1.2	09	0.70	2.16	3.91	3.19	6.61	4.00	-1.00	-1.00	-1.0	-1.0
5085323.47	659468.06	352.55	11/07/2025	11:59:10.46	1.2	09	0.64	2.18	4.09	3.22	6.93	3.92	-1.00	-1.00	-1.0	-1.0
5085323.09	659468.00	352.50	11/07/2025	11:59:10.91	1.2	09	0.46	2.16	3.53	2.97	6.55	3.94	-1.00	-1.00	-1.0	-1.0
5085322.63	659467.88	352.50	11/07/2025	11:59:11.44	1.2	09	0.33	2.16	4.13	3.20	6.98	4.00	-1.00	-1.00	-1.0	-1.0
5085322.16	659467.77	352.50	11/07/2025	11:59:11.96	1.2	09	0.14	2.21	4.05	3.18	6.85	3.95	-1.00	-1.00	-1.0	-1.0
5085321.88	659467.52	352.50	11/07/2025	11:59:12.41	1.2	09	0.26	2.17	3.96	3.01	7.20	3.98	-1.00	-1.00	-1.0	-1.0
5085321.59	659467.26	352.50	11/07/2025	11:59:12.94	1.2	09	0.25	2.15	4.43	3.20	7.23	3.97	-1.00	-1.00	-1.0	-1.0
5085321.49	659467.01	352.45	11/07/2025	11:59:13.47	1.2	09	0.11	2.15	4.16	3.04	7.09	3.82	-1.00	-1.00	-1.0	-1.0
5085321.39	659466.75	352.40	11/07/2025	11:59:13.91	1.2	09	0.13	2.15	3.65	2.97	7.11	3.93	-1.00	-1.00	-1.0	-1.0
5085321.57	659466.49	352.40	11/07/2025	11:59:14.44	1.2	09	0.11	2.16	4.11	3.16	7.32	4.04	-1.00	-1.00	-1.0	-1.0
5085321.75	659466.23	352.40	11/07/2025	11:59:14.96	1.2	09	0.36	2.16	4.62	3.21	7.72	4.02	-1.00	-1.00	-1.0	-1.0
5085322.12	659466.15	352.40	11/07/2025	11:59:15.41	1.2	09	0.24	2.16	4.05	2.99	7.44	4.01	-1.00	-1.00	-1.0	-1.0
5085322.49	659466.08	352.40	11/07/2025	11:59:15.94	1.2	09	0.38	2.17	4.23	3.09	7.47	4.07	-1.00	-1.00	-1.0	-1.0
5085322.86	659466.13	352.35	11/07/2025	11:59:16.46	1.2	09	0.48	2.17	4.46	3.24	7.31	4.10	-1.00	-1.00	-1.0	-1.0
5085323.23	659466.19	352.30	11/07/2025	11:59:16.91	1.2	09	0.21	2.15	3.98	3.02	7.22	4.01	-1.00	-1.00	-1.0	-1.0
5085323.60	659466.24	352.30	11/07/2025	11:59:17.44	1.2	09	0.15	2.15	3.90	3.11	7.12	4.06	-1.00	-1.00	-1.0	-1.0
5085323.98	659466.30	352.30	11/07/2025	11:59:17.97	1.2	09	0.20	2.15	4.40	3.25	7.16	4.09	-1.00	-1.00	-1.0	-1.0
5085324.44	659466.35	352.35	11/07/2025	11:59:18.41	1.2	09	0.14	2.16	3.83	3.00	6.85	3.98	-1.00	-1.00	-1.0	-1.0
5085324.90	659466.40	352.40	11/07/2025	11:59:18.94	1.2	09	0.29	2.16	3.64	3.08	6.73	4.03	-1.00	-1.00	-1.0	-1.0
5085325.37	659466.46	352.40	11/07/2025	11:59:19.46	1.2	09	0.42	2.19	3.97	3.25	6.84	3.98	-1.00	-1.00	-1.0	-1.0
5085325.83	659466.51	352.40	11/07/2025	11:59:19.91	1.2	09	0.27	2.18	3.62	2.99	6.76	3.99	-1.00	-1.00	-1.0	-1.0
5085326.21	659466.63	352.40	11/07/2025	11:59:20.44	1.2	09	0.15	2.16	3.53	3.14	6.55	4.04	-1.00	-1.00	-1.0	-1.0
5085326.58	659466.75	352.40	11/07/2025	11:59:20.96	1.2	09	0.18	2.18	3.86	3.26	6.54	4.03	-1.00	-1.00	-1.0	-1.0
5085327.05	659466.80	352.40	11/07/2025	11:59:21.41	1.2	09	0.28	2.16	3.52	2.98	6.76	3.99	-1.00	-1.00	-1.0	-1.0
5085327.51	659466.85	352.40	11/07/2025	11:59:21.94	1.2	09	0.00	2.17	3.66	3.10	6.78	4.03	-1.00	-1.00	-1.0	-1.0
5085327.88	659466.91	352.40	11/07/2025	11:59:22.46	1.2	09	0.05	2.17	3.90	3.21	6.59	4.00	-1.00	-1.00	-1.0	-1.0
5085328.25	659466.96	352.40	11/07/2025	11:59:22.92	1.2	09	0.06	2.17	3.57	2.98	6.72	4.00	-1.00	-1.00	-1.0	-1.0
5085328.72	659467.08	352.40	11/07/2025	11:59:23.44	1.2	09	0.00	2.16	3.80	3.19	6.71	4.09	-1.00	-1.00	-1.0	-1.0
5085329.19	659467.20	352.40	11/07/2025	11:59:23.97	1.2	09	0.10	2.17	3.95	3.15	6.70	3.97	-1.00	-1.00	-1.0	-1.0
5085329.65	659467.25	352.40	11/07/2025	11:59:24.41	1.2	09	0.18	2.16	3.63	2.97	6.72	4.01	-1.00	-1.00	-1.0	-1.0
5085330.12	659467.30	352.40	11/07/2025	11:59:24.94	1.2	09	0.17	2.17	4.09	3.22	6.53	4.08	-1.00	-1.00	-1.0	-1.0
5085330.58	659467.42	352.45	11/07/2025	11:59:25.46	1.2	09	-0.05	2.16	3.81	3.06	6.58	3.95	-1.00	-1.00	-1.0	-1.0
5085331.05	659467.54	352.50	11/07/2025	11:59:25.91	1.2	09	0.15	2.16	3.64	2.98	6.57	4.00	-1.00	-1.00	-1.0	-1.0
5085331.52	659467.66	352.50	11/07/2025	11:59:26.44	1.2	09	0.10	2.18	3.84	3.19	6.36	3.98	-1.00	-1.00	-1.0	-1.0
5085331.98	659467.77	352.50	11/07/2025	11:59:26.96	1.2	09	0.00	2.17	3.42	3.00	6.38	3.98	-1.00	-1.00	-1.0	-1.0
5085332.35	659467.83	352.50	11/07/2025	11:59:27.41	1.2	09	-0.37	2.16	3.24	3.06	6.43	4.05	-1.00	-1.00	-1.0	-1.0
5085332.73	659467.88	352.50	11/07/2025	11:59:27.94	1.2	09	-0.42	2.17	3.71	3.24	6.63	4.08	-1.00	-1.00	-1.0	-1.0
5085333.19	659468.00	352.50	11/07/2025	11:59:28.46	1.2	09	-0.69	2.18	2.92	3.04	5.72	3.98	-1.00	-1.00	-1.0	-1.0
5085333.66	659468.12	352.50	11/07/2025	11:59:28.91	1.2	09	-0.54	2.18	2.73	3.09	5.44	4.05	-1.00	-1.00	-1.0	-1.0
5085334.03	659468.17	352.55	11/07/2025	11:59:29.44	1.2	09	-0.14	2.19	2.10	3.28	5.94	4.03	-1.00	-1.00	-1.0	-1.0
5085334.40	659468.23	352.60	11/07/2025	11:59:29.96	1.2	09	-1.95	2.22	1.57	3.09	5.47	4.06	-1.00	-1.00	-1.0	-1.0
5085334.87	659468.34	352.60	11/07/2025	11:59:30.41	1.2	09	-0.27	2.18	2.88	3.15	5.80	3.99	-1.00	-1.00	-1.0	-1.0
5085335.33	659468.46	352.60	11/07/2025	11:59:30.94	1.2	09	-0.22	2.21	2.76	3.19	5.50	3.96	-1.00	-1.00	-1.0	-1.0
5085335.71	659468.52	352.60	11/07/2025	11:59:31.46	1.2	09	-0.57	2.18	2.40	3.00	5.41	4.09	-1.00	-1.00	-1.0	-1.0
5085336.08	659468.57	352.60	11/07/2025	11:59:31.91	1.2	09	-0.47	2.18	2.32	3.22	5.31	4.09	-1.00	-1.00	-1.0	-1.0
5085336.54	659468.69	352.60	11/07/2025	11:59:32.44	1.2	09	-0.87	2.18	2.15	3.18	5.23	4.05	-1.00	-1.00	-1.0	-1.0
5085337.01	659468.81	352.60	11/07/2025	11:59:32.96	1.2	09	-0.91	2.18	2.13	3.04	4.93	4.10	-1.00	-1.00	-1.0	-1.0
5085337.48	659468.86	352.65	11/07/2025	11:59:33.41	1.2	09	-0.73	2.19	2.16	3.30	5.12	4.12	-1.00	-1.00	-1.0	-1.0
5085337.94	659468.91	352.70	11/07/2025	11:59:33.94	1.2	09	-0.14	2.19	2.24	3.19	4.97	4.08	-1.00	-1.00	-1.0	-1.0
5085338.31	659469.03	352.70	11/07/2025	11:59:34.46	1.2	09	-0.68	2.19	2.06	3.06	5.05	4.07	-1.00	-1.00	-1.0	-1.0
5085338.69	659469.15	352.70	11/07/2025	11:59:34.91	1.2	09	-1.06	2.21	2.44	3.22	5.46	4.07	-1.00	-1.00	-1.0	-1.0
5085339.15	659469.27	352.70	11/07/2025	11:59:35.44	1.2	09	-1.14	2.21	2.41	3.04	5.43	3.99	-1.00	-1.00	-1.0	-1.0
5085339.62	659469.39	352.70	11/07/2025	11:59:35.89	1.2	09	-1.29	2.21	1.85	3.11	5.02	4.08	-1.00	-1.00	-1.0	-1.0
5085340.08	659469.44	352.70	11/07/2025	11:59:36.42	1.2	09	-1.05	2.21	2.38	3.29	4.94	4.08	-1.00	-1.00	-1.0	-1.0
5085340.55	659469.49	352.70	11/07/2025	11:59:36.94	1.2	09	-0.97	2.20	2.04	3.05	4.76	4.01	-1.00	-1.00	-1.0	-1.0
5085340.92	659469.61	352.70	11/07/2025	11:59:37.39	1.2	09	-0.89	2.20	2.19	3.13	5.12	4.03	-1.00	-1.00	-1.0	-1.0
5085341.30	659469.73	352.70	11/07/2025	11:59:37.91	1.2	09	-0.66	2.21	2.62	3.25	5.27	3.99	-1.00	-1.00	-1.0	-1.0
5085341.76	659469.85	352.75	11/07/2025	11:59:38.44	1.2	09	-0.91	2.21	2.14	3.05	5.17	4.00	-1.00	-1.00	-1.0	-1.0
5085342.23	659469.97	352.80	11/07/2025	11:59:38.89	1.2	09	-1.01	2.20	2.67	3.20	5.29	4.05	-1.00	-1.00	-1.0	-1.0
5085342.70	659470.08	352.80	11/07/2025	11:59:39.41	1.2	09	-0.75	2.23	2.76	3.25	5.22	3.99	-1.00	-1.00	-1.0	-1.0
5085343.16	659470.20	352.80	11/07/2025	11:59:39.94	1.2	09	-0.82	2.21	2.21	3.06	5.03	4.02	-1.00	-1.00	-1.0	-1.0
5085343.63	659470.25	352.85	11/07/2025	11:59:40.39	1.2	09	-0.90	2.22	2.63	3.29	5.22	4.08	-1.00	-1.00	-1.0	-1.0
5085344.09	659470.31	352.90	11/07/2025	11:59:40.91	1.2	09	-0.90	2.22	2.27	3.19	4.76	3.95	-1.00	-1.00	-1.0	-1.0
5085344.56	659470.36	352.90	11/07/2025	11:59:41.44	1.2	09	-1.04	2.22	1.79	3.09	4.71	4.03	-1.00	-1.00	-1.0	-1.0
5085345.02	659470.41	352.90	11/07/2025	11:59:41.89	1.2	09	-1.02	2.22	2.46	3.26	5.06	4.01	-1.00	-1.00	-1.0	-1.0
5085345.39	659470.53	352.90	11/07/2025	11:59:42.41	1.2	09	-1.02	2.21	2.15	3.10	4.81	3.91	-1.00	-1.00	-1.0	-1.0
5085345.77	659470.65	352.90	11/07/2025	11:59:42.94	1.2	09	-1.09	2.21	1.87	3.11	4.50	3.99	-1.00	-1.00	-1.0	-1.0
5085346.23	659470.70	352.90	11/07/2025	11:59:43.39	1.2	09	-0.92	2.25	2.20	3.32	4.72	3.94	-1.00	-1.00	-1.0	-1.0
5085346.70	659470.76	352.90	11/07/2025	11:59:43.91	1.2	09	-0.90	2.27	1.84	3.18	4.99	3.98	-1.00	-1.00	-1.0	-1.0
5085347.16	659470.81	352.90	11/07/2025	11:59:44.44	1.2	09	-0.65	2.23	2.01	3.24	4.90	4.02	-1.00	-1.00	-1.0	-1.0
5085347.63	659470.86	352.90	11/07/2025	11:59:44.89	1.2	09	-1.13	2.24	2.17	3.31	4.77	3.94	-1.00	-1.00	-1.0	-1.0
5085348.09	659470.98	352.90	11/07/2025	11:59:45.41	1.2	09	-1.27	2.25	1.45	3.14	4.53	4.00	-1.00	-1.00	-1.0	-1.0
5085348.56	659471.10	352.90	11/07/2025	11:59:45.94	1.2	09	-1.43	2.23	1.31	3.30	4.17	3.97	-1.00	-1.00	-1.0	-1.0
5085349.02	659471.15	352.90	11/07/2025	11:59:46.39	1.2	09	-1.13	2.22	1.18	3.19	3.76	3.90	-1.00	-1.00	-1.0	-1.0
5085349.49	659471.20	352.90	11/07/2025	11:59:46.91	1.2	09	-1.59	2.24	0.17	3.11	3.45	4.01	-1.00	-1.00	-1.0	-1.0
5085349.95	659471.32	352.90	11/07/2025	11:59:47.44	1.2	09	-0.74	2.25	-0.74	3.33	3.91	3.92	-1.00	-1.00	-1.0	-1.0
5085350.42	659471.44	352.90	11/07/2025	11:59:47.89	1.2	09	-2.36	2.25	0.10	3.16	4.00	3.85	-1.00	-1.00	-1.0	-1.0
5085350.88	659471.49	352.90	11/07/2025	11:59:48.41	1.2	09	-1.67	2.26	1.00	3.15	4.15	3.89	-1.00	-1.00	-1.0	-1.0
5085351.35	659471.54	352.90	11/07/2025	11:59:48.94	1.2	09	-2.12	2.31	0.99	3.32	3.96	3.90	-1.00	-1.00	-1.0	-1.0
5085351.82	659471.66	352.90	11/07/2025	11:59:49.39	1.2	09	-2.28	2.28	0.47	3.17	3.76	3.92	-1.00	-1.00	-1.0	-1.0
5085352.28	659471.78	352.90	11/07/2025	11:59:49.91	1.2	09	-2.96	2.26	0.48	3.25	3.59	3.96	-1.00	-1.00	-1.0	-1.0
5085352.65	659471.83	352.90	11/07/2025	11:59:50.44	1.2	09	-2.89	2.31	0.54	3.31	3.92	3.87	-1.00	-1.00	-1.0	-1.0
5085353.03	659471.89	352.90	11/07/2025	11:59:50.89	1.2	09	-2.25	2.30	0.68	3.09	3.92	3.94	-1.00	-1.00	-1.0	-1.0
5085353.49	659472.00	352.90	11/07/2025	11:59:51.42	1.2	09	-2.21	2.26	1.16	3.23	4.08	3.88	-1.00	-1.00	-1.0	-1.0
5085353.96	659472.12	352.90	11/07/2025	11:59:51.94	1.2	09	-2.28	2.29	0.89	3.25	3.92	3.84	-1.00	-1.00	-1.0	-1.0
5085354.42	659472.17	352.90	11/07/2025	11:59:52.39	1.2	09	-2.30	2.30	0.63	3.11	3.99	3.88	-1.00	-1.00	-1.0	-1.0
5085354.89	659472.23	352.90	11/07/2025	11:59:52.92	1.2	09	-1.89	2.26	0.96	3.30	3.82	3.94	-1.00	-1.00	-1.0	-1.0
5085355.35	659472.28	352.90	11/07/2025	11:59:53.44	1.2	09	-2.31	2.27	0.79	3.20	3.92	3.82	-1.00	-1.00	-1.0	-1.0
5085355.82	659472.33	352.90	11/07/2025	11:59:53.89	1.2	09	-2.31	2.28	0.73	3.14	3.90	3.88	-1.00	-1.00	-1.0	-1.0
5085356.28	659472.39	352.95	11/07/2025	11:59:54.42	1.2	09	-2.21	2.27	1.12	3.31	3.84	3.91	-1.00	-1.00	-1.0	-1.0
5085356.75	659472.44	353.00	11/07/2025	11:59:54.94	1.2	09	-1.99	2.26	0.74	3.14	3.84	3.87	-1.00	-1.00	-1.0	-1.0
5085357.21	659472.49	353.00	11/07/2025	11:59:55.39	1.2	09	-1.52	2.25	0.91	3.17	4.11	3.89	-1.00	-1.00	-1.0	-1.0
5085357.68	659472.54	353.00	11/07/2025	11:59:55.91	1.2	09	-2.13	2.30	0.99	3.28	3.85	3.88	-1.00	-1.00	-1.0	-1.0
5085358.14	659472.60	353.00	11/07/2025	11:59:56.44	1.2	09	-2.01	2.26	0.91	3.15	3.83	3.94	-1.00	-1.00	-1.0	-1.0
5085358.60	659472.65	353.00	11/07/2025	11:59:56.89	1.2	09	-1.78	2.25	1.22	3.28	3.82	3.99	-1.00	-1.00	-1.0	-1.0
5085359.07	659472.77	353.00	11/07/2025	11:59:57.41	1.2	09	-1.27	2.27	1.21	3.29	4.07	3.89	-1.00	-1.00	-1.0	-1.0
5085359.54	659472.88	353.00	11/07/2025	11:59:57.94	1.2	09	-1.71	2.27	0.49	3.15	3.86	3.91	-1.00	-1.00	-1.0	-1.0
5085360.00	659472.94	353.05	11/07/2025	11:59:58.39	1.2	09	-1.77	2.27	1.29	3.31	3.94	3.98	-1.00	-1.00	-1.0	-1.0
5085360.47	659472.99	353.10	11/07/2025	11:59:58.91	1.2	09	-1.82	2.29	1.31	3.24	4.26	3.89	-1.00	-1.00	-1.0	-1.0
5085360.84	659473.11	353.10	11/07/2025	11:59:59.44	1.2	09	-1.43	2.25	1.27	3.12	4.06	3.95	-1.00	-1.00	-1.0	-1.0
5085361.21	659473.23	353.10	11/07/2025	11:59:59.89	1.2	09	-1.63	2.24	1.46	3.32	4.04	4.04	-1.00	-1.00	-1.0	-1.0
5085361.77	659473.28	353.15	11/07/2025	12:00:00.41	1.2	09	-1.74	2.25	1.15	3.22	3.63	3.99	-1.00	-1.00	-1.0	-1.0
5085362.33	659473.33	353.20	11/07/2025	12:00:00.94	1.2	09	-1.26	2.23	0.73	3.18	4.08	4.05	-1.00	-1.00	-1.0	-1.0
5085362.79	659473.45	353.20	11/07/2025	12:00:01.39	1.2	09	-2.41	2.29	0.89	3.36	3.84	4.04	-1.00	-1.00	-1.0	-1.0
5085363.26	659473.56	353.20	11/07/2025	12:00:01.91	1.2	09	-1.13	2.23	1.49	3.12	4.18	3.92	-1.00	-1.00	-1.0	-1.0
5085363.72	659473.62	353.20	11/07/2025	12:00:02.44	1.2	09	-1.19	2.23	1.84	3.14	3.98	4.05	-1.00	-1.00	-1.0	-1.0
5085364.19	659473.67	353.20	11/07/2025	12:00:02.89	1.2	09	1.37	2.22	1.23	3.37	4.42	4.01	0.29	314.41	6.4	33.0
5085364.65	659473.72	353.25	11/07/2025	12:00:03.41	1.2	09	-8.78	2.36	-0.21	3.21	3.89	4.05	-1.00	-1.00	-1.0	-1.0
5085365.12	659473.77	353.30	11/07/2025	12:00:03.94	1.2	09	-1.62	2.24	1.65	3.23	4.22	4.06	-1.00	-1.00	-1.0	-1.0
5085365.49	659473.89	353.30	11/07/2025	12:00:04.39	1.2	09	-1.09	2.23	1.83	3.31	4.58	4.00	-1.00	-1.00	-1.0	-1.0
5085365.87	659474.01	353.30	11/07/2025	12:00:04.91	1.2	09	-0.77	2.21	1.60	3.10	4.34	3.97	-1.00	-1.00	-1.0	-1.0
5085366.24	659474.07	353.30	11/07/2025	12:00:05.44	1.2	09	-1.23	2.23	1.72	3.22	4.21	4.05	-1.00	-1.00	-1.0	-1.0
5085366.61	659474.12	353.30	11/07/2025	12:00:05.89	1.2	09	-3.95	2.25	0.30	3.30	3.96	3.94	-1.00	-1.00	-1.0	-1.0
5085367.07	659474.18	353.35	11/07/2025	12:00:06.41	1.2	09	-4.44	2.30	1.35	3.18	4.51	4.03	-1.00	-1.00	-1.0	-1.0
5085367.54	659474.23	353.40	11/07/2025	12:00:06.94	1.2	09	-0.81	2.22	2.03	3.20	4.50	3.99	-1.00	-1.00	-1.0	-1.0
5085367.91	659474.28	353.40	11/07/2025	12:00:07.39	1.2	09	-0.94	2.26	1.99	3.24	4.59	3.99	-1.00	-1.00	-1.0	-1.0
5085368.28	659474.34	353.40	11/07/2025	12:00:07.92	1.2	09	-1.26	2.25	1.23	3.22	4.10	4.00	-1.00	-1.00	-1.0	-1.0
5085368.75	659474.39	353.40	11/07/2025	12:00:08.37	1.2	09	-0.80	2.31	2.18	3.36	4.84	4.10	-1.00	-1.00	-1.0	-1.0
5085369.21	659474.45	353.40	11/07/2025	12:00:08.89	1.2	09	-0.75	2.23	2.16	3.19	4.71	3.95	-1.00	-1.00	-1.0	-1.0
5085369.58	659474.50	353.40	11/07/2025	12:00:09.42	1.2	09	-0.82	2.24	1.92	3.10	4.77	4.08	-1.00	-1.00	-1.0	-1.0
5085369.96	659474.56	353.40	11/07/2025	12:00:09.87	1.2	09	-0.30	2.20	1.53	3.25	4.88	4.02	-1.00	-1.00	-1.0	-1.0
5085370.33	659474.61	353.40	11/07/2025	12:00:10.39	1.2	09	-2.14	2.23	1.13	3.28	4.54	4.09	-1.00	-1.00	-1.0	-1.0
5085370.70	659474.67	353.40	11/07/2025	12:00:10.92	1.2	09	-0.57	2.20	1.88	3.08	4.81	4.11	-1.00	-1.00	-1.0	-1.0
5085371.17	659474.72	353.45	11/07/2025	12:00:11.36	1.2	09	-0.73	2.23	2.29	3.25	5.42	4.32	-1.00	-1.00	-1.0	-1.0
5085371.63	659474.77	353.50	11/07/2025	12:00:11.89	1.2	09	-0.63	2.30	2.86	3.37	6.64	5.14	-1.00	-1.00	-1.0	-1.0
5085372.00	659474.83	353.45	11/07/2025	12:00:12.42	1.2	09	-0.53	2.27	4.38	3.68	8.99	7.36	-1.00	-1.00	-1.0	-1.0
5085372.37	659474.88	353.40	11/07/2025	12:00:12.87	1.2	09	2.00	2.37	9.16	5.21	12.36	10.24	-1.00	-1.00	-1.0	-1.0
5085372.84	659474.93	353.40	11/07/2025	12:00:13.39	1.2	09	7.48	2.63	14.15	6.90	14.10	11.67	2.01	16.04	0.3	10.8
5085373.30	659474.99	353.40	11/07/2025	12:00:13.92	1.2	09	6.26	2.52	8.99	5.29	10.87	8.24	3.55	13.10	0.6	3.6
5085373.67	659475.04	353.35	11/07/2025	12:00:14.37	1.2	09	9.57	2.23	3.91	3.99	7.62	5.62	116.53	4.95	0.0	26.0
5085374.05	659475.10	353.30	11/07/2025	12:00:14.89	1.2	09	2.12	2.26	4.13	3.47	7.29	4.61	0.26	376.12	5.2	3.4
5085374.42	659475.15	353.30	11/07/2025	12:00:15.42	1.2	09	3.94	2.24	2.12	3.36	6.90	4.47	2.07	13.11	1.7	36.8
5085374.79	659475.21	353.30	11/07/2025	12:00:15.86	1.2	09	3.02	2.18	3.58	3.40	8.04	4.36	1.04	830.66	5.8	15.0
5085375.16	659475.20	353.30	11/07/2025	12:00:16.39	1.2	09	2.41	2.20	3.29	3.30	9.96	4.22	0.12	88.33	3.5	26.0
5085375.53	659475.19	353.30	11/07/2025	12:00:16.91	1.2	09	4.02	2.15	4.86	3.01	11.99	4.18	1.40	46.15	2.4	18.3
5085375.53	659475.19	353.30	11/07/2025	12:00:16.91	1.2	09	4.02	2.15	4.86	3.01	11.99	4.18	1.40	46.15	2.4	18.3
