Northing	Easting	Altitude	Date	Time	DOP	Satelites	Cond.1[mS/m]	Inph.1[ppt]	Cond.2[mS/m]	Inph.2[ppt]	Cond.3[mS/m]	Inph.3[ppt]	Inv.Cond.1[mS/m]	Inv.Cond.2[mS/m]	Inv.Thick [m]	Inv.RMS[%]	Note
5085375.55	659475.96	353.90	11/07/2025	12:01:45.38	1.2	09	11.02	2.13	5.18	3.77	10.21	5.43	32.12	6.58	0.0	29.7
5085375.55	659475.83	353.80	11/07/2025	12:01:45.91	1.2	09	10.40	2.03	5.11	3.52	9.65	5.14	43.65	6.04	0.0	29.3
5085375.36	659475.77	353.80	11/07/2025	12:01:46.36	1.2	09	1.53	1.98	4.03	3.23	8.64	4.63	0.10	113.56	2.5	18.7
5085375.17	659475.71	353.80	11/07/2025	12:01:46.88	1.2	09	3.75	1.95	0.15	3.20	6.96	4.30	-1.00	-1.00	-1.0	-1.0
5085374.99	659475.65	353.85	11/07/2025	12:01:47.41	1.2	09	2.75	1.97	1.25	3.04	6.17	4.14	-1.00	-1.00	-1.0	-1.0
5085374.80	659475.59	353.90	11/07/2025	12:01:47.86	1.2	09	-5.93	2.03	0.39	3.07	6.16	4.01	-1.00	-1.00	-1.0	-1.0
5085374.52	659475.47	353.90	11/07/2025	12:01:48.38	1.2	09	2.57	2.00	0.49	3.02	6.37	3.86	-1.00	-1.00	-1.0	-1.0
5085374.24	659475.35	353.90	11/07/2025	12:01:48.91	1.2	09	1.79	2.00	1.50	2.95	6.41	3.76	0.32	13.03	0.8	37.1
5085374.14	659475.29	353.95	11/07/2025	12:01:49.36	1.2	09	1.26	1.99	1.06	2.94	6.45	3.73	-1.00	-1.00	-1.0	-1.0
5085374.05	659475.23	354.00	11/07/2025	12:01:49.89	1.2	09	1.66	2.00	0.42	2.97	6.41	3.73	-1.00	-1.00	-1.0	-1.0
5085373.96	659475.23	354.05	11/07/2025	12:01:50.41	1.2	09	0.83	2.03	0.46	2.99	6.77	3.78	-1.00	-1.00	-1.0	-1.0
5085373.87	659475.23	354.10	11/07/2025	12:01:50.86	1.2	09	-5.54	2.05	1.32	2.94	7.86	3.94	-1.00	-1.00	-1.0	-1.0
5085373.58	659475.11	354.10	11/07/2025	12:01:51.38	1.2	09	1.04	1.98	5.04	3.14	6.97	4.78	-1.00	-1.00	-1.0	-1.0
5085373.30	659474.99	354.10	11/07/2025	12:01:51.91	1.2	09	7.57	2.05	17.45	4.11	-3.97	7.21	-1.00	-1.00	-1.0	-1.0
5085372.84	659474.87	354.15	11/07/2025	12:01:52.36	1.2	09	37.37	2.34	21.80	5.96	-3.68	7.69	-1.00	-1.00	-1.0	-1.0
5085372.37	659474.75	354.20	11/07/2025	12:01:52.88	1.2	09	47.24	2.50	21.22	4.83	5.83	5.65	261.28	0.68	0.0	39.8
5085372.00	659474.63	354.25	11/07/2025	12:01:53.41	1.2	09	12.18	2.16	10.07	3.17	8.48	4.09	17.42	6.01	0.1	3.4
5085371.62	659474.51	354.30	11/07/2025	12:01:53.86	1.2	09	1.16	2.00	1.72	2.97	6.61	3.62	0.22	16.64	1.0	36.8
5085371.25	659474.46	354.35	11/07/2025	12:01:54.38	1.2	09	-5.25	2.04	0.23	2.96	5.34	3.60	-1.00	-1.00	-1.0	-1.0
5085370.88	659474.40	354.40	11/07/2025	12:01:54.91	1.2	09	-1.72	2.05	-0.18	2.98	5.28	3.56	-1.00	-1.00	-1.0	-1.0
5085370.60	659474.34	354.40	11/07/2025	12:01:55.36	1.2	09	-0.91	2.05	-0.07	2.95	5.34	3.54	-1.00	-1.00	-1.0	-1.0
5085370.32	659474.29	354.40	11/07/2025	12:01:55.88	1.2	09	-6.66	2.03	0.14	2.94	5.13	3.60	-1.00	-1.00	-1.0	-1.0
5085370.04	659474.23	354.45	11/07/2025	12:01:56.41	1.2	09	-0.65	1.99	-0.08	2.92	5.31	3.55	-1.00	-1.00	-1.0	-1.0
5085369.76	659474.17	354.50	11/07/2025	12:01:56.86	1.2	09	-7.27	2.03	-0.40	2.94	5.10	3.56	-1.00	-1.00	-1.0	-1.0
5085369.58	659474.18	354.50	11/07/2025	12:01:57.38	1.2	09	-9.46	2.06	-0.15	2.94	5.39	3.58	-1.00	-1.00	-1.0	-1.0
5085369.39	659474.18	354.50	11/07/2025	12:01:57.91	1.2	09	-1.37	2.02	0.05	2.93	5.76	3.49	-1.00	-1.00	-1.0	-1.0
5085369.11	659474.06	354.50	11/07/2025	12:01:58.36	1.2	09	-5.55	1.99	0.95	2.90	5.14	3.61	-1.00	-1.00	-1.0	-1.0
5085368.83	659473.94	354.50	11/07/2025	12:01:58.89	1.2	09	0.04	1.94	1.15	2.94	4.75	3.65	-1.00	-1.00	-1.0	-1.0
5085368.36	659473.88	354.40	11/07/2025	12:01:59.41	1.2	09	5.50	1.91	1.55	2.86	5.59	3.53	23.48	3.17	0.0	53.3
5085367.90	659473.83	354.30	11/07/2025	12:01:59.87	1.2	09	-1.52	2.00	1.36	2.89	5.34	3.55	-1.00	-1.00	-1.0	-1.0
5085367.43	659473.71	354.25	11/07/2025	12:02:00.39	1.2	09	3.20	1.96	1.38	2.89	5.09	3.56	1.70	43.43	3.1	44.9
5085366.97	659473.60	354.20	11/07/2025	12:02:00.91	1.2	09	4.78	1.97	1.06	2.90	5.45	3.49	-1.00	-1.00	-1.0	-1.0
5085366.50	659473.48	354.15	11/07/2025	12:02:01.36	1.2	09	-4.97	2.06	0.58	2.92	5.26	3.53	-1.00	-1.00	-1.0	-1.0
5085366.03	659473.36	354.10	11/07/2025	12:02:01.89	1.2	09	0.49	1.99	-0.24	2.92	5.01	3.52	-1.00	-1.00	-1.0	-1.0
5085365.57	659473.25	354.05	11/07/2025	12:02:02.41	1.2	09	-1.60	1.97	0.73	2.89	4.85	3.58	-1.00	-1.00	-1.0	-1.0
5085365.10	659473.13	354.00	11/07/2025	12:02:02.86	1.2	09	2.73	1.96	0.37	2.92	4.89	3.59	-1.00	-1.00	-1.0	-1.0
5085364.64	659473.01	353.95	11/07/2025	12:02:03.39	1.2	09	2.09	1.98	-0.84	2.97	4.80	3.60	-1.00	-1.00	-1.0	-1.0
5085364.17	659472.89	353.90	11/07/2025	12:02:03.91	1.2	09	-7.82	2.03	-0.48	2.94	4.36	3.65	-1.00	-1.00	-1.0	-1.0
5085363.70	659472.84	353.80	11/07/2025	12:02:04.36	1.2	09	0.13	1.99	0.15	2.95	4.44	3.65	-1.00	-1.00	-1.0	-1.0
5085363.24	659472.79	353.70	11/07/2025	12:02:04.89	1.2	09	-7.10	2.05	-0.17	2.99	4.45	3.66	-1.00	-1.00	-1.0	-1.0
5085362.78	659472.74	353.70	11/07/2025	12:02:05.41	1.2	09	-1.66	2.06	-0.57	3.00	4.43	3.66	-1.00	-1.00	-1.0	-1.0
5085362.31	659472.68	353.70	11/07/2025	12:02:05.86	1.2	09	-3.20	2.05	-0.76	3.00	4.44	3.63	-1.00	-1.00	-1.0	-1.0
5085361.85	659472.63	353.65	11/07/2025	12:02:06.39	1.2	09	-3.59	2.05	-0.67	2.99	4.38	3.65	-1.00	-1.00	-1.0	-1.0
5085361.38	659472.58	353.60	11/07/2025	12:02:06.91	1.2	09	-1.09	2.06	-0.35	2.95	4.61	3.62	-1.00	-1.00	-1.0	-1.0
5085360.82	659472.46	353.55	11/07/2025	12:02:07.36	1.2	09	-6.49	2.05	-0.31	2.94	4.43	3.64	-1.00	-1.00	-1.0	-1.0
5085360.26	659472.35	353.50	11/07/2025	12:02:07.89	1.2	09	-1.34	2.00	-0.40	2.95	4.63	3.62	-1.00	-1.00	-1.0	-1.0
5085359.80	659472.23	353.50	11/07/2025	12:02:08.41	1.2	09	-3.30	2.00	0.11	2.93	4.37	3.68	-1.00	-1.00	-1.0	-1.0
5085359.33	659472.11	353.50	11/07/2025	12:02:08.86	1.2	09	-1.34	1.96	0.00	2.93	4.39	3.68	-1.00	-1.00	-1.0	-1.0
5085358.87	659472.06	353.55	11/07/2025	12:02:09.39	1.2	09	-3.18	1.97	-0.54	2.94	4.60	3.68	-1.00	-1.00	-1.0	-1.0
5085358.40	659472.01	353.60	11/07/2025	12:02:09.91	1.2	09	-1.08	1.99	-0.54	2.92	4.36	3.73	-1.00	-1.00	-1.0	-1.0
5085358.40	659472.01	353.50	11/07/2025	12:02:10.36	1.2	09	-0.85	2.02	-0.81	2.94	3.92	3.78	-1.00	-1.00	-1.0	-1.0
5085358.40	659472.01	353.40	11/07/2025	12:02:10.89	1.2	09	0.80	1.96	-0.76	2.93	3.88	3.78	-1.00	-1.00	-1.0	-1.0
5085358.31	659472.07	353.35	11/07/2025	12:02:11.41	1.2	09	-9.96	2.09	-0.10	2.91	4.25	3.74	-1.00	-1.00	-1.0	-1.0
5085358.22	659472.14	353.30	11/07/2025	12:02:11.86	1.2	09	-11.61	2.18	0.61	2.91	4.53	3.68	-1.00	-1.00	-1.0	-1.0
5085357.94	659472.21	353.30	11/07/2025	12:02:12.39	1.2	09	-17.59	2.25	-2.16	3.04	3.51	3.80	-1.00	-1.00	-1.0	-1.0
5085357.67	659472.28	353.30	11/07/2025	12:02:12.84	1.2	09	-9.92	2.09	-1.50	3.02	3.74	3.81	-1.00	-1.00	-1.0	-1.0
5085357.58	659472.35	353.40	11/07/2025	12:02:13.36	1.2	09	-1.09	2.04	0.14	2.93	4.32	3.75	-1.00	-1.00	-1.0	-1.0
5085357.49	659472.42	353.50	11/07/2025	12:02:13.89	1.2	09	-0.13	2.00	0.07	2.94	4.28	3.74	-1.00	-1.00	-1.0	-1.0
5085357.30	659472.36	353.40	11/07/2025	12:02:14.34	1.2	09	-17.01	2.10	-0.96	3.01	4.04	3.80	-1.00	-1.00	-1.0	-1.0
5085357.11	659472.30	353.30	11/07/2025	12:02:14.86	1.2	09	-6.79	2.08	-1.28	3.05	4.15	3.86	-1.00	-1.00	-1.0	-1.0
5085356.74	659472.24	353.25	11/07/2025	12:02:15.38	1.2	09	-3.69	2.01	-1.16	3.04	3.93	3.87	-1.00	-1.00	-1.0	-1.0
5085356.37	659472.19	353.20	11/07/2025	12:02:15.83	1.2	09	-3.06	1.95	-0.20	3.02	4.12	3.82	-1.00	-1.00	-1.0	-1.0
5085355.81	659472.14	353.15	11/07/2025	12:02:16.36	1.2	09	-2.51	2.06	-0.73	3.05	4.26	3.87	-1.00	-1.00	-1.0	-1.0
5085355.25	659472.09	353.10	11/07/2025	12:02:16.88	1.2	09	-15.25	2.11	-0.46	3.06	4.15	3.85	-1.00	-1.00	-1.0	-1.0
5085354.70	659472.04	353.10	11/07/2025	12:02:17.33	1.2	09	-1.81	2.02	-0.64	3.07	3.95	3.89	-1.00	-1.00	-1.0	-1.0
5085354.14	659471.99	353.10	11/07/2025	12:02:17.86	1.2	09	-6.16	2.06	-0.91	3.12	3.84	3.95	-1.00	-1.00	-1.0	-1.0
5085353.58	659471.94	353.05	11/07/2025	12:02:18.38	1.2	09	-3.25	2.07	-1.15	3.13	4.05	3.94	-1.00	-1.00	-1.0	-1.0
5085353.03	659471.89	353.00	11/07/2025	12:02:18.83	1.2	09	-2.86	2.06	-1.00	3.10	3.99	3.94	-1.00	-1.00	-1.0	-1.0
5085352.47	659471.77	352.95	11/07/2025	12:02:19.36	1.2	09	-3.26	2.03	-1.23	3.11	3.96	3.98	-1.00	-1.00	-1.0	-1.0
5085351.91	659471.66	352.90	11/07/2025	12:02:19.88	1.2	09	-1.94	2.02	-1.07	3.12	4.03	3.96	-1.00	-1.00	-1.0	-1.0
5085351.35	659471.54	352.90	11/07/2025	12:02:20.33	1.2	09	-4.73	2.03	-1.05	3.18	3.68	4.05	-1.00	-1.00	-1.0	-1.0
5085350.79	659471.43	352.90	11/07/2025	12:02:20.86	1.2	09	-0.99	2.03	-1.32	3.15	3.99	4.00	-1.00	-1.00	-1.0	-1.0
5085350.23	659471.38	352.90	11/07/2025	12:02:21.39	1.2	09	-6.76	2.06	-0.73	3.11	3.76	3.98	-1.00	-1.00	-1.0	-1.0
5085349.68	659471.33	352.90	11/07/2025	12:02:21.84	1.2	09	-2.16	2.01	-1.55	3.11	3.90	3.88	-1.00	-1.00	-1.0	-1.0
5085349.21	659471.21	352.95	11/07/2025	12:02:22.36	1.2	09	-3.82	2.06	-1.11	3.10	3.82	3.87	-1.00	-1.00	-1.0	-1.0
5085348.74	659471.09	353.00	11/07/2025	12:02:22.89	1.2	09	-2.12	1.98	-1.30	3.06	3.66	3.83	-1.00	-1.00	-1.0	-1.0
5085348.19	659471.04	353.00	11/07/2025	12:02:23.33	1.2	09	-3.05	2.03	-0.92	3.06	4.11	3.79	-1.00	-1.00	-1.0	-1.0
5085347.63	659470.99	353.00	11/07/2025	12:02:23.86	1.2	09	-14.64	2.06	-0.88	3.03	4.04	3.77	-1.00	-1.00	-1.0	-1.0
5085347.16	659470.94	353.05	11/07/2025	12:02:24.38	1.2	09	-2.05	2.00	-0.84	3.04	4.25	3.73	-1.00	-1.00	-1.0	-1.0
5085346.70	659470.89	353.10	11/07/2025	12:02:24.83	1.2	09	-6.47	2.05	-0.52	3.05	4.18	3.78	-1.00	-1.00	-1.0	-1.0
5085346.14	659470.84	353.10	11/07/2025	12:02:25.36	1.2	09	-2.45	1.99	-1.12	3.03	4.40	3.72	-1.00	-1.00	-1.0	-1.0
5085345.59	659470.79	353.10	11/07/2025	12:02:25.88	1.2	09	-15.56	2.15	-0.68	3.08	4.20	3.77	-1.00	-1.00	-1.0	-1.0
5085345.12	659470.73	353.10	11/07/2025	12:02:26.33	1.2	09	-1.92	2.01	-0.39	3.05	4.39	3.73	-1.00	-1.00	-1.0	-1.0
5085344.66	659470.68	353.10	11/07/2025	12:02:26.86	1.2	09	-3.53	2.05	-0.68	3.05	4.44	3.71	-1.00	-1.00	-1.0	-1.0
5085344.10	659470.63	353.10	11/07/2025	12:02:27.38	1.2	09	-4.55	2.06	-0.54	3.04	4.55	3.71	-1.00	-1.00	-1.0	-1.0
5085343.54	659470.58	353.10	11/07/2025	12:02:27.83	1.2	09	-1.99	2.02	-0.10	3.00	4.73	3.67	-1.00	-1.00	-1.0	-1.0
5085343.08	659470.46	353.15	11/07/2025	12:02:28.36	1.2	09	-5.13	2.00	0.00	2.99	4.87	3.68	-1.00	-1.00	-1.0	-1.0
5085342.61	659470.34	353.20	11/07/2025	12:02:28.88	1.2	09	-1.19	1.99	-0.50	3.01	4.94	3.66	-1.00	-1.00	-1.0	-1.0
5085342.05	659470.23	353.20	11/07/2025	12:02:29.33	1.2	09	-5.40	2.02	0.45	2.98	5.06	3.69	-1.00	-1.00	-1.0	-1.0
5085341.49	659470.11	353.20	11/07/2025	12:02:29.86	1.2	09	-1.38	1.98	-0.15	2.98	5.09	3.65	-1.00	-1.00	-1.0	-1.0
5085341.03	659470.06	353.20	11/07/2025	12:02:30.38	1.2	09	-6.71	2.00	0.25	2.97	5.24	3.67	-1.00	-1.00	-1.0	-1.0
5085340.56	659470.01	353.20	11/07/2025	12:02:30.83	1.2	09	-1.50	2.01	0.19	2.99	5.19	3.72	-1.00	-1.00	-1.0	-1.0
5085340.01	659469.96	353.20	11/07/2025	12:02:31.36	1.2	09	-1.75	2.03	0.06	3.01	5.23	3.72	-1.00	-1.00	-1.0	-1.0
5085339.45	659469.91	353.20	11/07/2025	12:02:31.88	1.2	09	-5.02	2.05	0.28	3.02	4.80	3.76	-1.00	-1.00	-1.0	-1.0
5085338.98	659469.86	353.20	11/07/2025	12:02:32.33	1.2	09	-1.17	2.07	-0.26	3.05	4.61	3.68	-1.00	-1.00	-1.0	-1.0
5085338.52	659469.80	353.20	11/07/2025	12:02:32.86	1.2	09	-2.97	2.15	-0.45	3.07	4.59	3.67	-1.00	-1.00	-1.0	-1.0
5085338.24	659469.81	353.20	11/07/2025	12:02:33.38	1.2	09	1.15	2.14	-0.77	3.03	4.29	3.62	-1.00	-1.00	-1.0	-1.0
5085337.96	659469.82	353.20	11/07/2025	12:02:33.83	1.2	09	-0.06	2.14	-1.16	3.05	4.33	3.64	-1.00	-1.00	-1.0	-1.0
5085337.96	659469.82	353.15	11/07/2025	12:02:34.36	1.2	09	-1.31	2.15	-0.97	3.04	4.53	3.63	-1.00	-1.00	-1.0	-1.0
5085337.96	659469.82	353.10	11/07/2025	12:02:34.88	1.2	09	-2.27	2.17	-0.70	3.03	4.39	3.65	-1.00	-1.00	-1.0	-1.0
5085337.87	659469.80	353.10	11/07/2025	12:02:35.33	1.2	09	-2.46	2.19	-0.45	3.05	4.46	3.64	-1.00	-1.00	-1.0	-1.0
5085337.78	659469.78	353.10	11/07/2025	12:02:35.86	1.2	09	-1.61	2.18	-0.60	3.04	4.21	3.63	-1.00	-1.00	-1.0	-1.0
5085337.68	659469.76	353.10	11/07/2025	12:02:36.38	1.2	09	-2.34	2.16	-0.79	3.04	4.20	3.64	-1.00	-1.00	-1.0	-1.0
5085337.59	659469.74	353.10	11/07/2025	12:02:36.83	1.2	09	-6.27	2.19	-0.20	3.03	4.26	3.65	-1.00	-1.00	-1.0	-1.0
5085337.50	659469.72	353.10	11/07/2025	12:02:37.36	1.2	09	-3.46	2.17	-0.48	3.02	4.39	3.61	-1.00	-1.00	-1.0	-1.0
5085337.40	659469.70	353.10	11/07/2025	12:02:37.88	1.2	09	-1.69	2.10	-0.04	2.94	4.80	3.55	-1.00	-1.00	-1.0	-1.0
5085337.03	659469.58	353.10	11/07/2025	12:02:38.33	1.2	09	-6.22	2.06	0.50	2.93	4.83	3.55	-1.00	-1.00	-1.0	-1.0
5085336.66	659469.46	353.10	11/07/2025	12:02:38.86	1.2	09	-2.53	2.01	0.08	2.92	4.94	3.52	-1.00	-1.00	-1.0	-1.0
5085336.10	659469.41	353.10	11/07/2025	12:02:39.38	1.2	09	-7.28	2.05	0.38	2.92	4.95	3.56	-1.00	-1.00	-1.0	-1.0
5085335.54	659469.36	353.10	11/07/2025	12:02:39.83	1.2	09	-3.65	2.01	-0.04	2.90	5.15	3.53	-1.00	-1.00	-1.0	-1.0
5085335.08	659469.31	353.10	11/07/2025	12:02:40.36	1.2	09	-3.80	2.04	0.23	2.89	4.97	3.51	-1.00	-1.00	-1.0	-1.0
5085334.61	659469.26	353.10	11/07/2025	12:02:40.88	1.2	09	-7.07	2.06	0.15	2.91	5.11	3.53	-1.00	-1.00	-1.0	-1.0
5085334.06	659469.21	353.10	11/07/2025	12:02:41.33	1.2	09	-2.68	2.00	0.53	2.87	5.19	3.48	-1.00	-1.00	-1.0	-1.0
5085333.50	659469.16	353.10	11/07/2025	12:02:41.86	1.2	09	-10.01	2.06	1.10	2.87	5.34	3.51	-1.00	-1.00	-1.0	-1.0
5085332.94	659469.11	353.10	11/07/2025	12:02:42.38	1.2	09	-0.51	2.01	1.09	2.83	5.68	3.44	-1.00	-1.00	-1.0	-1.0
5085332.39	659469.06	353.10	11/07/2025	12:02:42.84	1.2	09	-14.61	2.04	0.92	2.84	5.52	3.46	-1.00	-1.00	-1.0	-1.0
5085332.01	659468.98	353.07	11/07/2025	12:02:43.36	1.2	09	-1.98	2.00	0.63	2.86	5.73	3.46	-1.00	-1.00	-1.0	-1.0
5085331.64	659468.90	353.03	11/07/2025	12:02:43.81	1.2	09	-4.77	2.02	1.11	2.85	5.86	3.43	-1.00	-1.00	-1.0	-1.0
5085331.27	659468.83	353.00	11/07/2025	12:02:44.34	1.2	09	-2.40	2.02	0.96	2.84	6.19	3.41	-1.00	-1.00	-1.0	-1.0
5085330.15	659468.73	353.00	11/07/2025	12:02:44.86	1.2	09	-8.29	2.04	1.01	2.82	6.08	3.37	-1.00	-1.00	-1.0	-1.0
5085329.60	659468.67	352.95	11/07/2025	12:02:45.31	1.2	09	-5.22	1.97	1.05	2.81	5.91	3.41	-1.00	-1.00	-1.0	-1.0
5085329.04	659468.62	352.90	11/07/2025	12:02:45.84	1.2	09	-0.64	1.96	0.58	2.82	5.85	3.39	-1.00	-1.00	-1.0	-1.0
5085328.67	659468.55	352.90	11/07/2025	12:02:46.36	1.2	09	-2.82	2.01	1.40	2.81	5.92	3.40	-1.00	-1.00	-1.0	-1.0
5085328.29	659468.47	352.90	11/07/2025	12:02:46.81	1.2	09	-0.20	1.97	1.75	2.80	6.38	3.37	-1.00	-1.00	-1.0	-1.0
5085327.92	659468.39	352.90	11/07/2025	12:02:47.34	1.2	09	-5.64	2.00	1.30	2.82	5.95	3.44	-1.00	-1.00	-1.0	-1.0
5085326.80	659468.16	352.90	11/07/2025	12:02:47.86	1.2	09	-0.74	1.98	0.91	2.82	5.88	3.38	-1.00	-1.00	-1.0	-1.0
5085326.24	659468.05	352.85	11/07/2025	12:02:48.31	1.2	09	-4.61	2.00	1.36	2.82	6.09	3.39	-1.00	-1.00	-1.0	-1.0
5085325.69	659467.93	352.80	11/07/2025	12:02:48.84	1.2	09	-0.01	1.95	1.45	2.79	6.20	3.36	-1.00	-1.00	-1.0	-1.0
5085325.37	659467.86	352.80	11/07/2025	12:02:49.36	1.2	09	-1.96	1.97	1.28	2.79	6.33	3.35	-1.00	-1.00	-1.0	-1.0
5085325.06	659467.78	352.80	11/07/2025	12:02:49.81	1.2	09	-1.25	1.92	1.84	2.77	6.34	3.38	-1.00	-1.00	-1.0	-1.0
5085324.75	659467.70	352.80	11/07/2025	12:02:50.34	1.2	09	0.59	1.92	1.73	2.76	6.52	3.32	0.00	76.28	2.8	57.1
5085323.64	659467.47	352.80	11/07/2025	12:02:50.86	1.2	09	-10.71	1.98	1.51	2.79	6.34	3.34	-1.00	-1.00	-1.0	-1.0
5085323.08	659467.36	352.75	11/07/2025	12:02:51.31	1.2	09	-0.68	1.94	1.40	2.72	6.54	3.31	-1.00	-1.00	-1.0	-1.0
5085322.52	659467.24	352.70	11/07/2025	12:02:51.84	1.2	09	-3.76	1.90	1.50	2.71	6.36	3.28	-1.00	-1.00	-1.0	-1.0
5085322.21	659467.16	352.70	11/07/2025	12:02:52.36	1.2	09	0.34	1.94	1.47	2.78	6.55	3.32	-1.00	-1.00	-1.0	-1.0
5085321.90	659467.08	352.70	11/07/2025	12:02:52.81	1.2	09	-0.28	2.00	1.32	2.81	6.43	3.36	-1.00	-1.00	-1.0	-1.0
5085321.59	659467.01	352.70	11/07/2025	12:02:53.34	1.2	09	-0.97	2.02	2.48	2.79	6.36	3.36	-1.00	-1.00	-1.0	-1.0
5085321.04	659467.28	352.70	11/07/2025	12:02:53.86	1.2	09	-0.54	2.05	0.84	2.84	6.11	3.36	-1.00	-1.00	-1.0	-1.0
5085320.95	659467.47	352.70	11/07/2025	12:02:54.31	1.2	09	-0.86	2.05	1.52	2.84	5.82	3.39	-1.00	-1.00	-1.0	-1.0
5085320.86	659467.67	352.70	11/07/2025	12:02:54.84	1.2	09	-1.66	2.09	1.89	2.86	6.10	3.42	-1.00	-1.00	-1.0	-1.0
5085320.80	659467.80	352.67	11/07/2025	12:02:55.36	1.2	09	0.58	2.06	1.26	2.87	6.03	3.39	-1.00	-1.00	-1.0	-1.0
5085320.74	659467.93	352.63	11/07/2025	12:02:55.81	1.2	09	-2.02	2.03	1.31	2.83	6.13	3.38	-1.00	-1.00	-1.0	-1.0
5085320.69	659468.06	352.60	11/07/2025	12:02:56.34	1.2	09	-1.09	2.06	1.06	2.85	6.05	3.36	-1.00	-1.00	-1.0	-1.0
5085320.51	659468.59	352.60	11/07/2025	12:02:56.86	1.2	09	-1.02	2.06	0.44	2.82	6.22	3.35	-1.00	-1.00	-1.0	-1.0
5085320.52	659468.78	352.55	11/07/2025	12:02:57.31	1.2	09	-1.32	2.07	0.90	2.82	6.11	3.35	-1.00	-1.00	-1.0	-1.0
5085320.52	659468.97	352.50	11/07/2025	12:02:57.84	1.2	09	-2.04	2.08	0.89	2.89	5.80	3.41	-1.00	-1.00	-1.0	-1.0
5085320.52	659468.97	352.47	11/07/2025	12:02:58.36	1.2	09	1.53	2.02	0.59	2.85	5.86	3.35	-1.00	-1.00	-1.0	-1.0
5085320.52	659468.97	352.43	11/07/2025	12:02:58.82	1.2	09	0.33	2.05	0.37	2.86	6.06	3.35	-1.00	-1.00	-1.0	-1.0
5085320.52	659468.97	352.40	11/07/2025	12:02:59.34	1.2	09	-2.12	2.12	0.73	2.89	5.92	3.40	-1.00	-1.00	-1.0	-1.0
5085320.52	659468.84	352.40	11/07/2025	12:02:59.86	1.2	09	-1.76	2.10	0.49	2.88	5.88	3.41	-1.00	-1.00	-1.0	-1.0
5085320.52	659468.84	352.39	11/07/2025	12:03:00.31	1.2	09	0.03	2.04	0.24	2.87	6.03	3.35	-1.00	-1.00	-1.0	-1.0
5085320.52	659468.84	352.39	11/07/2025	12:03:00.84	1.2	09	0.49	2.04	0.16	2.87	6.01	3.35	-1.00	-1.00	-1.0	-1.0
5085320.52	659468.84	352.38	11/07/2025	12:03:01.36	1.2	09	0.10	2.05	0.08	2.87	5.96	3.36	-1.00	-1.00	-1.0	-1.0
5085320.52	659468.84	352.38	11/07/2025	12:03:01.81	1.2	09	0.44	2.04	0.06	2.88	6.07	3.35	-1.00	-1.00	-1.0	-1.0
5085320.52	659468.84	352.37	11/07/2025	12:03:02.34	1.2	09	0.34	2.05	-0.01	2.88	6.10	3.34	-1.00	-1.00	-1.0	-1.0
5085320.52	659468.84	352.36	11/07/2025	12:03:02.86	1.2	08	0.09	2.05	0.01	2.88	6.29	3.36	-1.00	-1.00	-1.0	-1.0
5085320.52	659468.84	352.36	11/07/2025	12:03:03.31	1.2	08	0.00	2.05	-0.13	2.89	6.17	3.35	-1.00	-1.00	-1.0	-1.0
5085320.52	659468.84	352.35	11/07/2025	12:03:03.84	1.2	09	0.19	2.05	-0.06	2.89	6.14	3.34	-1.00	-1.00	-1.0	-1.0
5085320.52	659468.84	352.35	11/07/2025	12:03:04.36	1.2	09	0.29	2.05	-0.13	2.89	6.22	3.34	-1.00	-1.00	-1.0	-1.0
5085320.52	659468.84	352.34	11/07/2025	12:03:04.81	1.2	09	0.11	2.05	-0.19	2.89	6.14	3.34	-1.00	-1.00	-1.0	-1.0
5085320.52	659468.84	352.34	11/07/2025	12:03:05.34	1.2	09	0.08	2.06	-0.28	2.89	6.27	3.35	-1.00	-1.00	-1.0	-1.0
5085320.52	659468.84	352.33	11/07/2025	12:03:05.86	1.2	09	0.32	2.05	-0.04	2.88	6.42	3.35	-1.00	-1.00	-1.0	-1.0
5085320.52	659468.84	352.32	11/07/2025	12:03:06.31	1.2	09	-0.03	2.05	0.00	2.88	6.13	3.37	-1.00	-1.00	-1.0	-1.0
5085320.52	659468.84	352.32	11/07/2025	12:03:06.84	1.2	09	0.43	2.06	-0.35	2.90	6.11	3.35	-1.00	-1.00	-1.0	-1.0
5085320.52	659468.84	352.31	11/07/2025	12:03:07.36	1.2	09	-0.50	2.05	-0.63	2.88	6.23	3.33	-1.00	-1.00	-1.0	-1.0
5085320.52	659468.84	352.31	11/07/2025	12:03:07.81	1.2	09	-0.20	2.04	-0.50	2.88	6.04	3.36	-1.00	-1.00	-1.0	-1.0
5085320.52	659468.84	352.30	11/07/2025	12:03:08.34	1.2	09	0.22	2.04	-0.50	2.87	6.06	3.35	-1.00	-1.00	-1.0	-1.0
5085320.55	659468.84	352.28	11/07/2025	12:03:08.86	1.2	09	0.33	2.04	-0.77	2.89	6.32	3.34	-1.00	-1.00	-1.0	-1.0
5085320.58	659468.84	352.27	11/07/2025	12:03:09.32	1.2	09	0.10	2.05	-0.76	2.89	6.15	3.34	-1.00	-1.00	-1.0	-1.0
5085320.61	659468.84	352.25	11/07/2025	12:03:09.84	1.2	09	0.25	2.04	-0.74	2.88	6.26	3.34	-1.00	-1.00	-1.0	-1.0
5085320.64	659468.84	352.23	11/07/2025	12:03:10.29	1.2	09	0.43	2.04	-0.81	2.89	6.55	3.33	-1.00	-1.00	-1.0	-1.0
5085320.68	659468.84	352.22	11/07/2025	12:03:10.81	1.2	09	0.20	2.05	-0.88	2.89	6.50	3.33	-1.00	-1.00	-1.0	-1.0
5085320.71	659468.84	352.20	11/07/2025	12:03:11.34	1.2	09	0.12	2.04	-0.66	2.88	6.35	3.32	-1.00	-1.00	-1.0	-1.0
5085320.71	659468.84	352.15	11/07/2025	12:03:11.79	1.2	09	0.47	2.03	-0.28	2.85	6.31	3.34	-1.00	-1.00	-1.0	-1.0
5085320.71	659468.84	352.10	11/07/2025	12:03:12.31	1.2	09	-0.42	2.05	0.47	2.83	6.25	3.34	-1.00	-1.00	-1.0	-1.0
5085320.71	659468.84	352.00	11/07/2025	12:03:12.84	1.2	09	-1.95	2.05	0.10	2.85	6.15	3.34	-1.00	-1.00	-1.0	-1.0
5085320.71	659468.84	351.99	11/07/2025	12:03:13.29	1.2	09	2.23	1.99	-0.18	2.84	6.20	3.33	-1.00	-1.00	-1.0	-1.0
5085320.71	659468.84	351.98	11/07/2025	12:03:13.81	1.2	09	3.14	1.99	-0.06	2.83	6.50	3.30	-1.00	-1.00	-1.0	-1.0
5085320.71	659468.84	351.96	11/07/2025	12:03:14.34	1.2	09	1.18	2.03	-0.19	2.84	6.43	3.30	-1.00	-1.00	-1.0	-1.0
5085320.71	659468.84	351.95	11/07/2025	12:03:14.79	1.2	09	0.82	2.02	-0.07	2.83	6.47	3.31	-1.00	-1.00	-1.0	-1.0
5085320.71	659468.84	351.94	11/07/2025	12:03:15.31	1.2	09	1.43	1.99	-0.01	2.82	6.41	3.31	-1.00	-1.00	-1.0	-1.0
5085320.71	659468.84	351.93	11/07/2025	12:03:15.84	1.2	09	1.55	2.00	-0.13	2.83	6.46	3.31	-1.00	-1.00	-1.0	-1.0
5085320.71	659468.84	351.92	11/07/2025	12:03:16.29	1.2	09	1.43	2.01	-0.06	2.83	6.33	3.31	-1.00	-1.00	-1.0	-1.0
5085320.71	659468.84	351.91	11/07/2025	12:03:16.81	1.2	09	1.53	2.01	-0.18	2.83	6.44	3.30	-1.00	-1.00	-1.0	-1.0
5085320.71	659468.84	351.89	11/07/2025	12:03:17.34	1.2	09	1.60	2.01	-0.09	2.83	6.65	3.31	-1.00	-1.00	-1.0	-1.0
5085320.71	659468.84	351.88	11/07/2025	12:03:17.79	1.2	09	1.82	2.01	-0.15	2.83	6.50	3.30	-1.00	-1.00	-1.0	-1.0
5085320.71	659468.84	351.87	11/07/2025	12:03:18.31	1.2	09	1.78	2.01	-0.13	2.83	6.42	3.29	-1.00	-1.00	-1.0	-1.0
5085320.71	659468.84	351.86	11/07/2025	12:03:18.84	1.2	09	1.96	2.00	-0.15	2.83	6.46	3.28	-1.00	-1.00	-1.0	-1.0
5085320.71	659468.84	351.85	11/07/2025	12:03:19.29	1.2	09	1.99	2.00	-0.19	2.83	6.60	3.29	-1.00	-1.00	-1.0	-1.0
5085320.71	659468.84	351.84	11/07/2025	12:03:19.81	1.2	09	1.73	2.01	-0.19	2.83	6.42	3.28	-1.00	-1.00	-1.0	-1.0
5085320.71	659468.84	351.82	11/07/2025	12:03:20.34	1.2	09	1.63	2.00	-0.20	2.83	6.45	3.29	-1.00	-1.00	-1.0	-1.0
5085320.71	659468.84	351.81	11/07/2025	12:03:20.79	1.2	09	1.44	2.01	-0.16	2.83	6.60	3.29	-1.00	-1.00	-1.0	-1.0
5085320.71	659468.84	351.80	11/07/2025	12:03:21.31	1.2	09	1.19	2.01	-0.18	2.83	6.49	3.28	-1.00	-1.00	-1.0	-1.0
5085320.52	659468.97	351.70	11/07/2025	12:03:21.84	1.2	09	0.70	2.01	-0.17	2.84	6.32	3.32	-1.00	-1.00	-1.0	-1.0
5085320.46	659469.02	351.70	11/07/2025	12:03:22.29	1.2	09	0.90	2.01	-0.21	2.83	6.40	3.32	-1.00	-1.00	-1.0	-1.0
5085320.40	659469.06	351.70	11/07/2025	12:03:22.81	1.2	09	1.36	2.00	-0.04	2.83	6.41	3.31	-1.00	-1.00	-1.0	-1.0
5085320.34	659469.11	351.70	11/07/2025	12:03:23.34	1.2	09	-0.50	2.07	0.82	2.81	6.45	3.30	-1.00	-1.00	-1.0	-1.0
5085320.53	659469.04	351.65	11/07/2025	12:03:23.79	1.2	09	-3.81	2.11	0.38	2.87	5.87	3.36	-1.00	-1.00	-1.0	-1.0
5085320.71	659468.97	351.60	11/07/2025	12:03:24.31	1.2	09	-0.63	2.05	2.52	2.76	5.93	3.35	-1.00	-1.00	-1.0	-1.0
5085321.09	659469.22	351.50	11/07/2025	12:03:24.84	1.2	09	-2.06	2.10	1.37	2.84	6.03	3.33	-1.00	-1.00	-1.0	-1.0
5085321.09	659469.35	351.50	11/07/2025	12:03:25.29	1.2	09	-2.98	2.13	1.85	2.85	5.97	3.38	-1.00	-1.00	-1.0	-1.0
5085321.09	659469.48	351.50	11/07/2025	12:03:25.82	1.2	09	-1.98	2.09	-0.16	2.89	6.10	3.34	-1.00	-1.00	-1.0	-1.0
5085321.10	659469.61	351.50	11/07/2025	12:03:26.34	1.2	09	-0.55	2.01	1.54	2.77	6.08	3.31	-1.00	-1.00	-1.0	-1.0
5085321.20	659469.86	351.45	11/07/2025	12:03:26.79	1.2	09	-1.46	2.01	1.38	2.78	5.93	3.36	-1.00	-1.00	-1.0	-1.0
5085321.29	659470.12	351.40	11/07/2025	12:03:27.31	1.2	09	-1.59	2.04	0.67	2.83	6.00	3.37	-1.00	-1.00	-1.0	-1.0
5085321.68	659470.63	351.40	11/07/2025	12:03:27.84	1.2	09	-0.80	2.00	-0.22	2.86	6.16	3.36	-1.00	-1.00	-1.0	-1.0
5085321.87	659470.79	351.40	11/07/2025	12:03:28.29	1.2	09	-0.61	1.90	2.08	2.73	6.59	3.34	-1.00	-1.00	-1.0	-1.0
5085322.06	659470.96	351.40	11/07/2025	12:03:28.81	1.2	09	-0.10	1.96	0.91	2.81	6.76	3.34	-1.00	-1.00	-1.0	-1.0
5085322.25	659471.13	351.40	11/07/2025	12:03:29.34	1.2	09	-0.21	2.01	1.82	2.79	6.80	3.33	-1.00	-1.00	-1.0	-1.0
5085322.62	659471.31	351.40	11/07/2025	12:03:29.79	1.2	09	0.43	1.98	1.79	2.77	6.85	3.30	0.00	82.43	2.9	75.8
5085323.00	659471.50	351.40	11/07/2025	12:03:30.32	1.2	09	-0.77	1.96	1.28	2.83	6.72	3.34	-1.00	-1.00	-1.0	-1.0
5085323.75	659471.74	351.40	11/07/2025	12:03:30.84	1.2	09	-4.25	2.03	0.75	2.84	6.49	3.35	-1.00	-1.00	-1.0	-1.0
5085323.99	659471.82	351.40	11/07/2025	12:03:31.29	1.2	09	-2.58	2.00	0.99	2.82	6.46	3.35	-1.00	-1.00	-1.0	-1.0
5085324.24	659471.90	351.40	11/07/2025	12:03:31.81	1.2	09	-2.14	1.97	0.44	2.83	6.47	3.34	-1.00	-1.00	-1.0	-1.0
5085324.49	659471.98	351.40	11/07/2025	12:03:32.34	1.2	09	-5.12	2.03	1.36	2.79	6.42	3.35	-1.00	-1.00	-1.0	-1.0
5085324.96	659472.16	351.40	11/07/2025	12:03:32.79	1.2	09	-1.58	2.06	1.39	2.81	6.45	3.34	-1.00	-1.00	-1.0	-1.0
5085325.43	659472.34	351.40	11/07/2025	12:03:33.31	1.2	09	-2.30	2.01	0.94	2.80	6.81	3.28	-1.00	-1.00	-1.0	-1.0
5085326.36	659472.57	351.40	11/07/2025	12:03:33.84	1.2	09	-0.72	1.99	1.56	2.79	6.63	3.30	-1.00	-1.00	-1.0	-1.0
5085326.67	659472.65	351.37	11/07/2025	12:03:34.29	1.2	09	1.54	1.95	1.01	2.79	6.76	3.25	-1.00	-1.00	-1.0	-1.0
5085326.98	659472.73	351.33	11/07/2025	12:03:34.81	1.2	09	-5.74	2.03	1.38	2.77	6.43	3.33	-1.00	-1.00	-1.0	-1.0
5085327.29	659472.81	351.30	11/07/2025	12:03:35.34	1.2	09	-1.16	2.04	0.96	2.81	6.33	3.35	-1.00	-1.00	-1.0	-1.0
5085327.76	659472.93	351.35	11/07/2025	12:03:35.79	1.2	09	-6.09	2.08	0.48	2.85	6.03	3.38	-1.00	-1.00	-1.0	-1.0
5085328.23	659473.04	351.40	11/07/2025	12:03:36.31	1.2	09	-2.55	2.06	1.09	2.84	5.94	3.35	-1.00	-1.00	-1.0	-1.0
5085329.35	659473.40	351.40	11/07/2025	12:03:36.84	1.2	09	-1.57	2.03	1.17	2.79	6.35	3.28	-1.00	-1.00	-1.0	-1.0
5085329.66	659473.57	351.40	11/07/2025	12:03:37.29	1.2	09	-2.85	2.05	1.84	2.75	5.85	3.29	-1.00	-1.00	-1.0	-1.0
5085329.97	659473.73	351.40	11/07/2025	12:03:37.81	1.2	09	-0.80	1.98	1.39	2.75	6.17	3.31	-1.00	-1.00	-1.0	-1.0
5085330.29	659473.90	351.40	11/07/2025	12:03:38.34	1.2	09	-3.04	2.00	1.25	2.77	5.76	3.35	-1.00	-1.00	-1.0	-1.0
5085330.76	659474.14	351.40	11/07/2025	12:03:38.79	1.2	09	-1.27	2.04	1.36	2.81	5.77	3.38	-1.00	-1.00	-1.0	-1.0
5085331.23	659474.39	351.40	11/07/2025	12:03:39.31	1.2	09	-1.83	1.98	0.57	2.80	5.68	3.36	-1.00	-1.00	-1.0	-1.0
5085332.35	659474.75	351.50	11/07/2025	12:03:39.84	1.2	09	-1.66	1.95	0.65	2.81	5.35	3.42	-1.00	-1.00	-1.0	-1.0
5085332.72	659474.91	351.50	11/07/2025	12:03:40.29	1.2	09	0.24	1.96	0.78	2.83	5.77	3.43	-1.00	-1.00	-1.0	-1.0
5085333.10	659475.07	351.50	11/07/2025	12:03:40.81	1.2	09	-1.81	2.02	1.38	2.84	5.37	3.50	-1.00	-1.00	-1.0	-1.0
5085333.47	659475.24	351.50	11/07/2025	12:03:41.34	1.2	09	-0.86	1.99	0.70	2.86	5.22	3.50	-1.00	-1.00	-1.0	-1.0
5085333.94	659475.42	351.50	11/07/2025	12:03:41.79	1.2	09	-3.63	1.98	0.48	2.89	4.92	3.52	-1.00	-1.00	-1.0	-1.0
5085334.41	659475.60	351.50	11/07/2025	12:03:42.31	1.2	09	-0.94	2.00	0.33	2.88	4.81	3.50	-1.00	-1.00	-1.0	-1.0
5085335.53	659475.96	351.50	11/07/2025	12:03:42.84	1.2	09	-3.19	2.07	-0.37	2.91	4.89	3.51	-1.00	-1.00	-1.0	-1.0
5085335.84	659476.12	351.50	11/07/2025	12:03:43.29	1.2	09	-2.69	2.04	-0.81	2.94	4.37	3.57	-1.00	-1.00	-1.0	-1.0
5085336.15	659476.29	351.50	11/07/2025	12:03:43.81	1.2	09	-1.30	1.99	-0.58	2.92	4.68	3.51	-1.00	-1.00	-1.0	-1.0
5085336.47	659476.45	351.50	11/07/2025	12:03:44.34	1.2	09	-5.64	2.06	0.38	2.87	4.78	3.53	-1.00	-1.00	-1.0	-1.0
5085337.03	659476.57	351.50	11/07/2025	12:03:44.79	1.2	09	-2.40	2.06	0.44	2.87	5.05	3.48	-1.00	-1.00	-1.0	-1.0
5085337.58	659476.68	351.50	11/07/2025	12:03:45.31	1.2	09	-5.05	2.06	0.10	2.90	5.22	3.48	-1.00	-1.00	-1.0	-1.0
5085338.15	659476.86	351.50	11/07/2025	12:03:45.77	1.2	09	-2.25	2.02	-0.09	2.89	5.41	3.46	-1.00	-1.00	-1.0	-1.0
5085338.71	659477.04	351.50	11/07/2025	12:03:46.30	1.2	09	-3.55	2.05	0.00	2.88	5.46	3.45	-1.00	-1.00	-1.0	-1.0
5085339.26	659477.16	351.50	11/07/2025	12:03:46.82	1.2	09	-2.79	2.05	0.59	2.87	5.16	3.47	-1.00	-1.00	-1.0	-1.0
5085339.82	659477.27	351.50	11/07/2025	12:03:47.27	1.2	09	-1.08	2.02	0.47	2.86	5.60	3.43	-1.00	-1.00	-1.0	-1.0
5085340.29	659477.39	351.50	11/07/2025	12:03:47.80	1.2	09	-4.35	2.03	0.97	2.85	5.60	3.45	-1.00	-1.00	-1.0	-1.0
5085340.76	659477.51	351.50	11/07/2025	12:03:48.32	1.2	09	-1.61	2.01	0.33	2.86	5.76	3.39	-1.00	-1.00	-1.0	-1.0
5085341.22	659477.62	351.50	11/07/2025	12:03:48.77	1.2	09	-5.68	2.04	0.80	2.82	5.90	3.39	-1.00	-1.00	-1.0	-1.0
5085341.69	659477.74	351.50	11/07/2025	12:03:49.30	1.2	09	-1.20	2.00	1.06	2.81	6.10	3.40	-1.00	-1.00	-1.0	-1.0
5085342.25	659477.86	351.50	11/07/2025	12:03:49.82	1.2	09	-1.31	2.00	0.76	2.83	5.98	3.40	-1.00	-1.00	-1.0	-1.0
5085342.81	659477.97	351.50	11/07/2025	12:03:50.27	1.2	09	-2.63	2.00	1.59	2.82	6.28	3.41	-1.00	-1.00	-1.0	-1.0
5085343.27	659478.09	351.50	11/07/2025	12:03:50.80	1.2	09	-0.53	2.00	1.58	2.82	6.35	3.38	-1.00	-1.00	-1.0	-1.0
5085343.74	659478.21	351.50	11/07/2025	12:03:51.32	1.2	09	-4.26	2.02	2.12	2.85	6.10	3.43	-1.00	-1.00	-1.0	-1.0
5085344.30	659478.32	351.55	11/07/2025	12:03:51.77	1.2	09	-0.59	2.03	1.36	2.84	6.23	3.40	-1.00	-1.00	-1.0	-1.0
5085344.86	659478.44	351.60	11/07/2025	12:03:52.30	1.2	09	-2.79	2.03	1.21	2.85	6.14	3.38	-1.00	-1.00	-1.0	-1.0
5085345.42	659478.62	351.60	11/07/2025	12:03:52.82	1.2	09	-0.98	2.01	1.06	2.84	5.71	3.25	-1.00	-1.00	-1.0	-1.0
5085345.98	659478.80	351.60	11/07/2025	12:03:53.28	1.2	09	-0.43	1.96	1.10	2.70	6.15	2.86	-1.00	-1.00	-1.0	-1.0
5085346.54	659478.91	351.60	11/07/2025	12:03:53.80	1.2	09	-4.37	2.03	1.11	2.58	5.82	2.75	-1.00	-1.00	-1.0	-1.0
5085347.10	659479.03	351.60	11/07/2025	12:03:54.33	1.2	09	-1.12	1.97	0.86	2.61	6.19	2.69	-1.00	-1.00	-1.0	-1.0
5085347.65	659479.14	351.65	11/07/2025	12:03:54.77	1.2	09	-5.31	2.02	1.36	2.64	5.68	2.84	-1.00	-1.00	-1.0	-1.0
5085348.21	659479.26	351.70	11/07/2025	12:03:55.31	1.2	09	-1.79	2.03	0.62	2.73	5.56	3.02	-1.00	-1.00	-1.0	-1.0
5085348.77	659479.37	351.75	11/07/2025	12:03:55.83	1.2	09	-6.82	2.08	0.19	2.83	5.45	3.17	-1.00	-1.00	-1.0	-1.0
5085349.33	659479.49	351.80	11/07/2025	12:03:56.28	1.2	09	-3.55	2.07	0.17	2.85	5.30	3.24	-1.00	-1.00	-1.0	-1.0
5085349.89	659479.60	351.80	11/07/2025	12:03:56.80	1.2	09	-3.05	2.08	-0.12	2.90	4.97	3.38	-1.00	-1.00	-1.0	-1.0
5085350.45	659479.72	351.80	11/07/2025	12:03:57.33	1.2	09	-4.97	2.09	0.13	2.93	4.91	3.49	-1.00	-1.00	-1.0	-1.0
5085351.10	659479.83	351.90	11/07/2025	12:03:57.78	1.2	09	-1.90	2.07	0.23	2.92	4.76	3.51	-1.00	-1.00	-1.0	-1.0
5085351.75	659479.94	352.00	11/07/2025	12:03:58.30	1.2	09	-3.30	2.04	0.59	2.89	4.73	3.54	-1.00	-1.00	-1.0	-1.0
5085352.22	659480.06	352.00	11/07/2025	12:03:58.83	1.2	09	-1.09	2.03	-0.37	2.92	4.56	3.54	-1.00	-1.00	-1.0	-1.0
5085352.68	659480.18	352.00	11/07/2025	12:03:59.28	1.2	09	-4.68	2.02	-0.65	2.92	4.31	3.56	-1.00	-1.00	-1.0	-1.0
5085353.24	659480.29	352.05	11/07/2025	12:03:59.80	1.2	09	-2.69	2.03	-0.43	2.94	4.45	3.53	-1.00	-1.00	-1.0	-1.0
5085353.80	659480.41	352.10	11/07/2025	12:04:00.33	1.2	09	-2.04	2.04	-0.73	2.93	4.65	3.52	-1.00	-1.00	-1.0	-1.0
5085354.36	659480.52	352.10	11/07/2025	12:04:00.78	1.2	09	-8.43	2.05	-0.16	2.92	4.40	3.56	-1.00	-1.00	-1.0	-1.0
5085354.92	659480.63	352.10	11/07/2025	12:04:01.30	1.2	09	-2.07	2.01	-0.51	2.91	4.56	3.52	-1.00	-1.00	-1.0	-1.0
5085355.48	659480.75	352.10	11/07/2025	12:04:01.83	1.2	09	-4.89	2.07	-0.30	2.92	4.44	3.55	-1.00	-1.00	-1.0	-1.0
5085356.04	659480.86	352.10	11/07/2025	12:04:02.28	1.2	09	-3.15	2.09	-0.82	2.96	4.59	3.56	-1.00	-1.00	-1.0	-1.0
5085356.60	659480.98	352.25	11/07/2025	12:04:02.80	1.2	09	-3.76	2.04	-0.51	2.96	4.71	3.55	-1.00	-1.00	-1.0	-1.0
5085357.15	659481.09	352.40	11/07/2025	12:04:03.33	1.2	09	-3.23	2.04	-0.24	2.94	4.72	3.53	-1.00	-1.00	-1.0	-1.0
5085357.71	659481.21	352.45	11/07/2025	12:04:03.78	1.2	09	-1.92	2.00	-0.14	2.87	5.09	3.47	-1.00	-1.00	-1.0	-1.0
5085358.27	659481.32	352.50	11/07/2025	12:04:04.30	1.2	09	-12.75	2.06	0.65	2.85	5.27	3.44	-1.00	-1.00	-1.0	-1.0
5085358.83	659481.50	352.50	11/07/2025	12:04:04.76	1.2	09	-4.20	2.02	0.13	2.90	5.25	3.47	-1.00	-1.00	-1.0	-1.0
5085359.39	659481.68	352.50	11/07/2025	12:04:05.28	1.2	09	-3.84	2.04	0.67	2.88	5.56	3.45	-1.00	-1.00	-1.0	-1.0
5085359.86	659481.80	352.50	11/07/2025	12:04:05.80	1.2	09	-1.15	2.03	1.46	2.83	5.83	3.43	-1.00	-1.00	-1.0	-1.0
5085360.33	659481.92	352.50	11/07/2025	12:04:06.25	1.2	09	-0.79	1.96	1.11	2.83	6.13	3.40	-1.00	-1.00	-1.0	-1.0
5085360.88	659482.03	352.50	11/07/2025	12:04:06.78	1.2	09	-4.10	2.02	1.31	2.86	6.02	3.45	-1.00	-1.00	-1.0	-1.0
5085361.44	659482.15	352.50	11/07/2025	12:04:07.30	1.2	09	-1.26	2.01	1.16	2.87	6.17	3.44	-1.00	-1.00	-1.0	-1.0
5085362.00	659482.33	352.50	11/07/2025	12:04:07.75	1.2	09	-5.07	2.01	1.46	2.89	6.25	3.45	-1.00	-1.00	-1.0	-1.0
5085362.56	659482.51	352.50	11/07/2025	12:04:08.28	1.2	09	-0.70	2.00	1.07	2.89	6.39	3.46	-1.00	-1.00	-1.0	-1.0
5085363.03	659482.62	352.50	11/07/2025	12:04:08.81	1.2	09	-3.04	2.06	0.98	2.90	6.22	3.47	-1.00	-1.00	-1.0	-1.0
5085363.50	659482.74	352.50	11/07/2025	12:04:09.25	1.2	09	-2.63	2.02	1.42	2.87	6.46	3.44	-1.00	-1.00	-1.0	-1.0
5085364.06	659482.86	352.55	11/07/2025	12:04:09.78	1.2	09	-1.22	2.00	1.47	2.85	6.74	3.43	-1.00	-1.00	-1.0	-1.0
5085364.61	659482.97	352.60	11/07/2025	12:04:10.30	1.2	09	-5.36	1.99	2.36	2.82	6.71	3.43	-1.00	-1.00	-1.0	-1.0
5085365.18	659483.15	352.60	11/07/2025	12:04:10.75	1.2	09	0.12	1.96	1.83	2.83	6.88	3.39	-1.00	-1.00	-1.0	-1.0
5085365.74	659483.33	352.60	11/07/2025	12:04:11.28	1.2	09	-8.25	1.97	1.56	2.81	6.87	3.40	-1.00	-1.00	-1.0	-1.0
5085366.29	659483.45	352.60	11/07/2025	12:04:11.80	1.2	09	-0.01	1.94	1.96	2.80	6.99	3.42	-1.00	-1.00	-1.0	-1.0
5085366.85	659483.56	352.60	11/07/2025	12:04:12.25	1.2	09	-0.27	1.95	2.04	2.80	7.15	3.35	-1.00	-1.00	-1.0	-1.0
5085367.32	659483.74	352.60	11/07/2025	12:04:12.78	1.2	09	-12.56	2.07	2.16	2.82	7.18	3.41	-1.00	-1.00	-1.0	-1.0
5085367.79	659483.93	352.60	11/07/2025	12:04:13.31	1.2	09	-1.00	1.96	1.50	2.85	6.81	3.45	-1.00	-1.00	-1.0	-1.0
5085368.26	659484.04	352.65	11/07/2025	12:04:13.76	1.2	09	-7.95	2.02	2.12	2.85	6.87	3.43	-1.00	-1.00	-1.0	-1.0
5085368.72	659484.16	352.70	11/07/2025	12:04:14.28	1.2	09	-0.91	2.03	1.76	2.86	6.77	3.42	-1.00	-1.00	-1.0	-1.0
5085369.28	659484.40	352.70	11/07/2025	12:04:14.81	1.2	09	-1.19	1.99	1.76	2.81	6.97	3.41	-1.00	-1.00	-1.0	-1.0
5085369.85	659484.65	352.70	11/07/2025	12:04:15.26	1.2	09	-0.70	1.98	1.96	2.78	7.23	3.32	-1.00	-1.00	-1.0	-1.0
5085370.31	659484.83	352.70	11/07/2025	12:04:15.78	1.2	09	0.84	1.93	2.40	2.75	7.90	3.26	0.00	132.19	3.0	50.4
5085370.78	659485.01	352.70	11/07/2025	12:04:16.31	1.2	09	-6.52	1.98	3.44	2.70	7.67	3.33	-1.00	-1.00	-1.0	-1.0
5085371.25	659485.19	352.75	11/07/2025	12:04:16.76	1.2	09	5.44	1.90	3.10	2.72	7.81	3.29	3.60	40.76	2.6	29.9
5085371.72	659485.38	352.80	11/07/2025	12:04:17.29	1.2	09	-18.75	2.06	2.77	2.76	7.91	3.29	-1.00	-1.00	-1.0	-1.0
5085372.09	659485.56	352.75	11/07/2025	12:04:17.81	1.2	09	0.11	1.94	2.50	2.78	8.08	3.33	-1.00	-1.00	-1.0	-1.0
5085372.47	659485.74	352.70	11/07/2025	12:04:18.26	1.2	09	0.49	1.91	2.34	2.77	8.41	3.33	-1.00	-1.00	-1.0	-1.0
5085372.84	659485.80	352.70	11/07/2025	12:04:18.78	1.2	09	-1.16	1.95	2.28	2.82	8.84	3.41	-1.00	-1.00	-1.0	-1.0
5085373.21	659485.86	352.70	11/07/2025	12:04:19.31	1.2	09	2.67	1.93	1.25	2.86	9.40	3.48	-1.00	-1.00	-1.0	-1.0
5085373.40	659485.85	352.65	11/07/2025	12:04:19.76	1.2	09	2.70	1.94	2.78	2.84	9.66	3.64	0.46	67.53	2.1	29.2
5085373.58	659485.85	352.60	11/07/2025	12:04:20.28	1.2	09	5.31	1.91	2.55	2.87	9.61	3.75	2.95	14.53	0.7	48.5
5085373.58	659485.85	352.55	11/07/2025	12:04:20.73	1.2	09	5.95	1.92	2.72	2.87	9.99	3.73	2.83	18.17	0.8	43.4
5085373.58	659485.85	352.50	11/07/2025	12:04:21.26	1.2	09	3.83	1.96	2.65	2.87	10.04	3.73	1.66	20.27	0.8	43.9
5085373.61	659485.82	352.52	11/07/2025	12:04:21.78	1.2	09	4.64	1.95	2.75	2.86	10.09	3.73	1.79	20.61	0.8	39.1
5085373.64	659485.80	352.53	11/07/2025	12:04:22.24	1.2	09	6.42	1.92	2.86	2.86	10.36	3.73	3.99	14.65	0.7	45.4
5085373.67	659485.78	352.55	11/07/2025	12:04:22.76	1.2	09	5.49	1.93	2.84	2.86	10.25	3.73	3.60	37.22	2.1	42.4
5085373.70	659485.76	352.57	11/07/2025	12:04:23.29	1.2	09	4.15	1.95	2.89	2.87	10.40	3.75	1.48	28.11	1.0	36.5
5085373.73	659485.73	352.58	11/07/2025	12:04:23.74	1.2	09	0.78	2.01	3.27	2.91	10.16	3.86	0.00	156.09	2.9	61.8
5085373.76	659485.71	352.60	11/07/2025	12:04:24.27	1.2	09	5.25	1.96	2.82	2.99	9.60	4.07	2.72	17.46	0.8	42.5
5085373.76	659485.65	352.65	11/07/2025	12:04:24.79	1.2	09	7.28	1.92	3.42	3.02	9.57	4.19	5.20	34.58	2.5	37.9
5085373.76	659485.58	352.70	11/07/2025	12:04:25.24	1.2	09	7.44	1.91	4.18	3.05	9.82	4.21	5.57	34.79	2.4	29.6
5085373.85	659485.52	352.75	11/07/2025	12:04:25.76	1.2	09	6.53	1.95	4.41	3.04	10.13	4.21	3.95	17.35	0.8	24.6
5085373.94	659485.45	352.80	11/07/2025	12:04:26.29	1.2	09	-9.07	2.08	4.20	3.06	10.27	4.24	-1.00	-1.00	-1.0	-1.0
5085374.13	659485.38	352.85	11/07/2025	12:04:26.74	1.2	09	-55.82	1.99	4.46	3.02	10.38	4.29	-1.00	-1.00	-1.0	-1.0
5085374.31	659485.31	352.90	11/07/2025	12:04:27.26	1.2	09	-42.91	2.13	4.08	3.08	10.26	4.37	-1.00	-1.00	-1.0	-1.0
5085374.31	659485.24	352.85	11/07/2025	12:04:27.79	1.2	09	3.57	2.00	3.77	3.15	10.17	4.40	1.08	58.49	1.8	24.8
5085374.31	659485.18	352.80	11/07/2025	12:04:28.24	1.2	09	5.27	1.99	3.80	3.13	10.57	4.31	2.83	64.21	2.1	29.4
5085374.31	659485.24	352.80	11/07/2025	12:04:28.76	1.2	09	7.13	1.95	3.90	3.10	10.54	4.27	5.03	29.28	1.8	36.6
5085374.31	659485.31	352.80	11/07/2025	12:04:29.29	1.2	09	5.91	1.96	3.79	3.12	10.36	4.32	4.25	32.07	1.9	31.3
5085374.31	659485.28	352.78	11/07/2025	12:04:29.74	1.2	09	5.35	1.98	3.63	3.12	10.50	4.32	2.81	63.78	2.1	30.3
5085374.31	659485.24	352.75	11/07/2025	12:04:30.26	1.2	09	4.89	2.00	4.01	3.10	10.69	4.32	2.24	74.60	2.1	29.1
5085374.31	659485.21	352.73	11/07/2025	12:04:30.79	1.2	09	2.06	2.08	3.82	3.15	10.27	4.37	0.09	142.56	2.5	22.5
5085374.31	659485.18	352.70	11/07/2025	12:04:31.24	1.2	09	-1.53	2.06	4.02	3.16	9.67	4.50	-1.00	-1.00	-1.0	-1.0
5085374.39	659484.92	352.75	11/07/2025	12:04:31.77	1.2	09	-0.91	2.05	4.01	3.19	9.83	4.55	-1.00	-1.00	-1.0	-1.0
5085374.48	659484.66	352.80	11/07/2025	12:04:32.29	1.2	09	-8.24	2.08	4.68	3.27	9.57	4.56	-1.00	-1.00	-1.0	-1.0
5085374.56	659484.27	352.85	11/07/2025	12:04:32.74	1.2	09	2.99	2.00	5.40	3.33	8.94	4.51	0.53	39.17	1.1	4.3
5085374.64	659483.88	352.90	11/07/2025	12:04:33.27	1.2	09	2.16	2.00	4.53	3.37	9.32	4.64	0.11	109.73	2.3	10.3
5085374.73	659483.49	352.90	11/07/2025	12:04:33.79	1.2	09	7.14	2.02	0.73	3.61	8.32	4.63	-1.00	-1.00	-1.0	-1.0
5085374.81	659483.10	352.90	11/07/2025	12:04:34.24	1.2	09	3.98	2.09	3.82	3.46	9.04	4.46	1.81	47.40	1.7	23.5
5085374.71	659482.84	352.95	11/07/2025	12:04:34.77	1.2	09	4.50	2.07	5.01	3.30	9.36	4.27	2.98	39.90	1.6	12.4
5085374.61	659482.59	353.00	11/07/2025	12:04:35.29	1.2	09	4.60	2.04	3.71	3.15	8.67	4.04	2.35	48.12	2.0	21.3
5085374.70	659482.58	352.95	11/07/2025	12:04:35.74	1.2	09	5.08	1.99	2.87	3.04	8.25	3.87	3.12	12.08	0.7	33.6
5085374.80	659482.58	352.90	11/07/2025	12:04:36.27	1.2	09	4.24	1.99	2.88	3.03	8.46	3.87	2.10	18.88	0.9	29.5
5085374.70	659482.52	352.95	11/07/2025	12:04:36.79	1.2	09	4.41	1.99	2.92	3.07	8.66	3.94	2.15	19.33	0.9	30.3
5085374.61	659482.46	353.00	11/07/2025	12:04:37.24	1.2	09	6.07	1.96	3.15	3.07	8.61	3.99	3.76	47.79	2.7	35.1
5085374.61	659482.46	352.99	11/07/2025	12:04:37.77	1.2	09	6.29	1.98	3.41	3.10	8.53	4.03	3.93	44.52	2.6	30.4
5085374.61	659482.46	352.98	11/07/2025	12:04:38.29	1.2	09	4.76	2.02	3.47	3.14	8.93	4.07	2.74	16.77	0.8	27.9
5085374.61	659482.46	352.97	11/07/2025	12:04:38.74	1.2	09	4.91	1.99	3.45	3.12	8.92	4.06	2.74	16.75	0.8	26.9
5085374.61	659482.46	352.96	11/07/2025	12:04:39.27	1.2	09	5.89	1.94	3.32	3.07	8.89	3.99	3.36	13.02	0.7	35.2
5085374.61	659482.46	352.95	11/07/2025	12:04:39.79	1.2	09	5.27	1.96	3.13	3.08	8.94	4.00	2.74	15.84	0.8	32.1
5085374.61	659482.46	352.94	11/07/2025	12:04:40.25	1.2	09	5.02	1.97	3.11	3.10	9.17	4.00	2.82	16.24	0.8	32.7
5085374.61	659482.46	352.93	11/07/2025	12:04:40.77	1.2	09	5.27	1.95	3.05	3.09	9.11	4.00	2.69	16.89	0.8	37.8
5085374.61	659482.46	352.92	11/07/2025	12:04:41.23	1.2	09	4.67	1.98	2.64	3.09	8.72	3.96	2.57	16.17	0.8	38.3
5085374.61	659482.46	352.91	11/07/2025	12:04:41.75	1.2	09	2.89	2.02	1.04	3.09	8.53	3.84	-1.00	-1.00	-1.0	-1.0
5085374.61	659482.46	352.90	11/07/2025	12:04:42.28	1.2	09	3.06	1.97	0.95	3.05	8.22	3.77	-1.00	-1.00	-1.0	-1.0
5085374.61	659482.39	352.85	11/07/2025	12:04:42.72	1.2	09	3.34	1.96	1.16	3.01	7.87	3.72	-1.00	-1.00	-1.0	-1.0
5085374.60	659482.33	352.80	11/07/2025	12:04:43.25	1.2	09	2.91	1.97	0.32	3.06	7.82	3.78	-1.00	-1.00	-1.0	-1.0
5085374.69	659482.13	352.80	11/07/2025	12:04:43.77	1.2	09	1.43	2.06	-0.54	3.20	8.10	3.96	-1.00	-1.00	-1.0	-1.0
5085374.78	659481.93	352.80	11/07/2025	12:04:44.22	1.2	09	1.87	2.03	2.69	3.06	7.76	4.00	0.18	74.04	2.2	20.6
5085374.68	659481.74	352.80	11/07/2025	12:04:44.75	1.2	09	0.33	1.98	1.37	3.05	7.54	3.86	-1.00	-1.00	-1.0	-1.0
5085374.58	659481.55	352.80	11/07/2025	12:04:45.27	1.2	09	2.75	2.00	0.38	3.09	7.61	3.85	-1.00	-1.00	-1.0	-1.0
5085374.58	659481.29	352.85	11/07/2025	12:04:45.72	1.2	09	0.85	2.05	2.65	3.07	7.20	3.97	0.00	88.20	2.7	41.9
5085374.57	659481.03	352.90	11/07/2025	12:04:46.25	1.2	09	0.24	2.07	1.96	3.13	6.83	4.05	-1.00	-1.00	-1.0	-1.0
5085374.65	659480.71	353.00	11/07/2025	12:04:46.77	1.2	09	-0.37	2.06	0.72	3.17	6.90	4.12	-1.00	-1.00	-1.0	-1.0
5085374.74	659480.38	353.10	11/07/2025	12:04:47.22	1.2	09	2.69	2.06	2.24	3.14	7.02	4.13	1.05	17.32	0.9	31.9
5085374.74	659480.25	353.05	11/07/2025	12:04:47.75	1.2	09	1.69	2.06	1.54	3.16	6.82	4.06	-1.00	-1.00	-1.0	-1.0
5085374.73	659480.12	353.00	11/07/2025	12:04:48.27	1.2	09	7.97	1.95	0.94	3.13	6.79	3.98	-1.00	-1.00	-1.0	-1.0
5085374.82	659480.12	352.95	11/07/2025	12:04:48.72	1.2	09	10.64	1.92	2.62	3.05	7.10	3.95	102.95	2.84	0.0	49.4
5085374.92	659480.12	352.90	11/07/2025	12:04:49.25	1.2	09	-6.37	2.13	2.90	2.99	6.65	3.89	-1.00	-1.00	-1.0	-1.0
5085374.82	659479.93	352.90	11/07/2025	12:04:49.77	1.2	09	-12.81	2.18	1.34	2.99	5.83	3.76	-1.00	-1.00	-1.0	-1.0
5085374.72	659479.74	352.90	11/07/2025	12:04:50.22	1.2	09	-13.14	2.15	1.68	2.95	6.23	3.68	-1.00	-1.00	-1.0	-1.0
5085374.62	659479.35	352.90	11/07/2025	12:04:50.75	1.2	09	-34.39	2.24	0.96	2.97	5.61	3.75	-1.00	-1.00	-1.0	-1.0
5085374.52	659478.97	352.90	11/07/2025	12:04:51.27	1.2	09	-2.01	2.02	0.69	3.00	5.11	3.79	-1.00	-1.00	-1.0	-1.0
5085374.41	659478.58	352.90	11/07/2025	12:04:51.72	1.2	09	0.27	2.03	0.99	3.00	5.75	3.70	-1.00	-1.00	-1.0	-1.0
5085374.31	659478.19	352.90	11/07/2025	12:04:52.25	1.2	09	-1.11	2.06	1.42	2.97	5.64	3.70	-1.00	-1.00	-1.0	-1.0
5085374.31	659477.94	352.95	11/07/2025	12:04:52.77	1.2	09	1.76	2.00	0.93	2.94	5.62	3.63	-1.00	-1.00	-1.0	-1.0
5085374.30	659477.68	353.00	11/07/2025	12:04:53.22	1.2	09	0.31	1.99	0.82	2.96	5.45	3.63	-1.00	-1.00	-1.0	-1.0
5085374.30	659477.68	352.95	11/07/2025	12:04:53.75	1.2	09	0.74	1.97	0.24	2.98	5.53	3.61	-1.00	-1.00	-1.0	-1.0
5085374.30	659477.68	352.90	11/07/2025	12:04:54.27	1.2	09	0.78	1.98	0.16	2.98	5.73	3.61	-1.00	-1.00	-1.0	-1.0
5085374.30	659477.71	352.90	11/07/2025	12:04:54.72	1.2	09	0.60	1.99	0.53	2.96	5.78	3.64	-1.00	-1.00	-1.0	-1.0
5085374.30	659477.74	352.90	11/07/2025	12:04:55.25	1.2	09	1.37	1.97	0.61	2.95	5.71	3.62	-1.00	-1.00	-1.0	-1.0
5085374.30	659477.77	352.90	11/07/2025	12:04:55.77	1.2	09	1.25	1.98	0.40	2.96	5.68	3.61	-1.00	-1.00	-1.0	-1.0
5085374.30	659477.81	352.90	11/07/2025	12:04:56.22	1.2	09	1.11	1.97	0.33	2.96	5.57	3.64	-1.00	-1.00	-1.0	-1.0
5085374.25	659477.74	352.93	11/07/2025	12:04:56.75	1.2	09	1.77	1.96	0.71	2.95	5.96	3.62	-1.00	-1.00	-1.0	-1.0
5085374.21	659477.68	352.95	11/07/2025	12:04:57.27	1.2	09	1.58	1.97	1.13	2.94	6.01	3.63	-1.00	-1.00	-1.0	-1.0
5085374.16	659477.62	352.98	11/07/2025	12:04:57.72	1.2	09	-0.83	2.02	1.57	2.94	5.84	3.66	-1.00	-1.00	-1.0	-1.0
5085374.11	659477.55	353.00	11/07/2025	12:04:58.25	1.2	09	-1.04	2.05	0.34	2.99	5.68	3.65	-1.00	-1.00	-1.0	-1.0
5085373.83	659477.30	353.05	11/07/2025	12:04:58.77	1.2	09	-2.34	2.04	0.66	2.97	5.73	3.64	-1.00	-1.00	-1.0	-1.0
5085373.54	659477.05	353.10	11/07/2025	12:04:59.22	1.2	09	-9.62	2.06	0.74	2.99	5.44	3.80	-1.00	-1.00	-1.0	-1.0
5085373.07	659476.87	353.20	11/07/2025	12:04:59.75	1.2	09	-0.47	1.95	-0.80	3.00	5.49	3.72	-1.00	-1.00	-1.0	-1.0
5085372.61	659476.69	353.30	11/07/2025	12:05:00.27	1.2	09	2.22	1.97	0.10	3.02	5.50	3.75	-1.00	-1.00	-1.0	-1.0
5085372.32	659476.56	353.35	11/07/2025	12:05:00.72	1.2	09	2.74	1.98	0.03	3.02	5.47	3.74	-1.00	-1.00	-1.0	-1.0
5085372.04	659476.44	353.40	11/07/2025	12:05:01.25	1.2	09	0.65	2.08	0.39	3.03	5.43	3.73	-1.00	-1.00	-1.0	-1.0
5085372.14	659476.44	353.35	11/07/2025	12:05:01.77	1.2	09	-0.27	2.10	0.51	3.03	5.43	3.75	-1.00	-1.00	-1.0	-1.0
5085372.23	659476.44	353.30	11/07/2025	12:05:02.22	1.2	09	0.08	2.07	0.52	3.03	5.42	3.76	-1.00	-1.00	-1.0	-1.0
5085372.04	659476.38	353.30	11/07/2025	12:05:02.75	1.2	09	-4.32	2.11	0.88	3.01	5.28	3.75	-1.00	-1.00	-1.0	-1.0
5085371.85	659476.32	353.30	11/07/2025	12:05:03.28	1.2	09	-5.26	2.13	-0.39	3.05	5.51	3.69	-1.00	-1.00	-1.0	-1.0
5085371.58	659476.26	353.35	11/07/2025	12:05:03.72	1.2	09	-6.84	2.13	-0.50	3.04	4.63	3.68	-1.00	-1.00	-1.0	-1.0
5085371.30	659476.20	353.40	11/07/2025	12:05:04.25	1.2	09	-5.66	2.10	0.34	3.00	4.73	3.65	-1.00	-1.00	-1.0	-1.0
5085370.83	659476.09	353.40	11/07/2025	12:05:04.77	1.2	09	-1.34	2.05	0.27	2.97	4.54	3.65	-1.00	-1.00	-1.0	-1.0
5085370.36	659475.97	353.40	11/07/2025	12:05:05.22	1.2	09	-7.04	2.08	-0.42	3.01	4.33	3.67	-1.00	-1.00	-1.0	-1.0
5085369.71	659475.86	353.40	11/07/2025	12:05:05.75	1.2	09	-4.63	2.06	-0.70	3.02	4.45	3.67	-1.00	-1.00	-1.0	-1.0
5085369.06	659475.74	353.40	11/07/2025	12:05:06.27	1.2	09	-2.42	2.08	-0.09	3.00	4.54	3.67	-1.00	-1.00	-1.0	-1.0
5085368.50	659475.63	353.40	11/07/2025	12:05:06.72	1.2	09	-3.68	2.07	0.17	3.00	4.50	3.70	-1.00	-1.00	-1.0	-1.0
5085367.94	659475.51	353.40	11/07/2025	12:05:07.25	1.2	09	-2.54	2.04	-0.24	3.03	4.42	3.72	-1.00	-1.00	-1.0	-1.0
5085367.38	659475.40	353.40	11/07/2025	12:05:07.77	1.2	09	-10.53	2.11	-0.18	3.07	4.17	3.75	-1.00	-1.00	-1.0	-1.0
5085366.83	659475.28	353.40	11/07/2025	12:05:08.22	1.2	09	-1.91	2.05	-0.86	3.03	4.33	3.68	-1.00	-1.00	-1.0	-1.0
5085366.18	659475.23	353.40	11/07/2025	12:05:08.75	1.2	09	-5.75	2.06	-0.32	3.01	4.14	3.70	-1.00	-1.00	-1.0	-1.0
5085365.53	659475.19	353.40	11/07/2025	12:05:09.27	1.2	09	-3.16	2.05	-1.41	3.07	3.99	3.73	-1.00	-1.00	-1.0	-1.0
5085364.87	659475.07	353.35	11/07/2025	12:05:09.72	1.2	09	-3.67	2.07	-0.99	3.04	4.19	3.71	-1.00	-1.00	-1.0	-1.0
5085364.22	659474.96	353.30	11/07/2025	12:05:10.24	1.2	09	-2.92	2.04	-0.37	3.04	4.14	3.71	-1.00	-1.00	-1.0	-1.0
5085363.67	659474.91	353.30	11/07/2025	12:05:10.77	1.2	09	-0.39	2.03	-0.35	3.02	4.13	3.72	-1.00	-1.00	-1.0	-1.0
5085363.11	659474.86	353.30	11/07/2025	12:05:11.22	1.2	09	-4.47	2.03	-0.05	3.01	3.94	3.72	-1.00	-1.00	-1.0	-1.0
5085362.55	659474.75	353.30	11/07/2025	12:05:11.74	1.2	09	-2.33	2.05	-0.89	3.09	4.03	3.78	-1.00	-1.00	-1.0	-1.0
5085361.99	659474.63	353.30	11/07/2025	12:05:12.27	1.2	09	-8.87	2.08	-0.76	3.10	4.01	3.79	-1.00	-1.00	-1.0	-1.0
5085361.34	659474.58	353.30	11/07/2025	12:05:12.72	1.2	09	-4.33	2.09	-1.43	3.12	3.69	3.84	-1.00	-1.00	-1.0	-1.0
5085360.69	659474.54	353.30	11/07/2025	12:05:13.25	1.2	09	-7.47	2.07	-1.97	3.14	3.43	3.81	-1.00	-1.00	-1.0	-1.0
5085360.13	659474.36	353.35	11/07/2025	12:05:13.77	1.2	09	-2.60	2.10	-2.07	3.14	3.38	3.84	-1.00	-1.00	-1.0	-1.0
5085359.57	659474.18	353.40	11/07/2025	12:05:14.22	1.2	09	-2.95	2.14	-0.83	3.07	3.76	3.76	-1.00	-1.00	-1.0	-1.0
5085359.01	659474.06	353.45	11/07/2025	12:05:14.74	1.2	09	-8.54	2.16	-1.24	3.11	3.74	3.78	-1.00	-1.00	-1.0	-1.0
5085358.45	659473.95	353.50	11/07/2025	12:05:15.27	1.2	09	-3.43	2.15	-0.69	3.07	3.84	3.76	-1.00	-1.00	-1.0	-1.0
5085357.89	659473.83	353.55	11/07/2025	12:05:15.72	1.2	09	-9.61	2.12	-0.91	3.06	3.67	3.76	-1.00	-1.00	-1.0	-1.0
5085357.33	659473.72	353.60	11/07/2025	12:05:16.24	1.2	09	-2.75	2.06	-1.30	3.09	3.64	3.78	-1.00	-1.00	-1.0	-1.0
5085356.77	659473.54	353.60	11/07/2025	12:05:16.77	1.2	09	-7.01	2.12	-0.94	3.14	3.46	3.85	-1.00	-1.00	-1.0	-1.0
5085356.21	659473.36	353.60	11/07/2025	12:05:17.22	1.2	09	-2.35	2.13	-1.50	3.14	3.50	3.83	-1.00	-1.00	-1.0	-1.0
5085355.65	659473.24	353.60	11/07/2025	12:05:17.75	1.2	09	-7.49	2.12	-1.60	3.16	3.27	3.87	-1.00	-1.00	-1.0	-1.0
5085355.10	659473.13	353.60	11/07/2025	12:05:18.19	1.2	09	-3.95	2.10	-1.56	3.15	3.32	3.85	-1.00	-1.00	-1.0	-1.0
5085354.45	659473.08	353.65	11/07/2025	12:05:18.72	1.2	09	-7.78	2.10	-1.36	3.13	3.46	3.83	-1.00	-1.00	-1.0	-1.0
5085353.80	659473.03	353.70	11/07/2025	12:05:19.24	1.2	09	-7.08	2.11	-1.81	3.16	3.38	3.88	-1.00	-1.00	-1.0	-1.0
5085353.24	659472.92	353.70	11/07/2025	12:05:19.69	1.2	09	-2.72	2.06	-1.16	3.10	3.69	3.83	-1.00	-1.00	-1.0	-1.0
5085352.68	659472.80	353.70	11/07/2025	12:05:20.22	1.2	09	-6.69	2.09	-1.09	3.12	3.60	3.86	-1.00	-1.00	-1.0	-1.0
5085352.12	659472.69	353.70	11/07/2025	12:05:20.74	1.2	09	-2.99	2.15	-0.90	3.09	3.63	3.80	-1.00	-1.00	-1.0	-1.0
5085351.56	659472.57	353.70	11/07/2025	12:05:21.19	1.2	09	-6.04	2.12	-0.24	3.07	3.72	3.82	-1.00	-1.00	-1.0	-1.0
5085351.00	659472.39	353.70	11/07/2025	12:05:21.72	1.2	09	-1.94	2.09	-0.95	3.09	3.74	3.83	-1.00	-1.00	-1.0	-1.0
5085350.44	659472.21	353.70	11/07/2025	12:05:22.24	1.2	09	-7.75	2.09	-1.24	3.13	3.83	3.84	-1.00	-1.00	-1.0	-1.0
5085349.88	659472.10	353.70	11/07/2025	12:05:22.69	1.2	09	-4.42	2.13	-1.03	3.09	4.11	3.77	-1.00	-1.00	-1.0	-1.0
5085349.32	659471.98	353.70	11/07/2025	12:05:23.22	1.2	09	1.58	2.08	0.91	3.02	4.36	3.73	-1.00	-1.00	-1.0	-1.0
5085348.77	659471.93	353.70	11/07/2025	12:05:23.74	1.2	09	0.87	2.04	0.20	3.02	4.40	3.75	-1.00	-1.00	-1.0	-1.0
5085348.21	659471.88	353.70	11/07/2025	12:05:24.19	1.2	09	-4.68	2.05	-0.18	3.03	4.33	3.74	-1.00	-1.00	-1.0	-1.0
5085347.56	659471.77	353.65	11/07/2025	12:05:24.72	1.2	09	-1.97	2.05	-0.03	3.04	4.45	3.74	-1.00	-1.00	-1.0	-1.0
5085346.91	659471.66	353.60	11/07/2025	12:05:25.24	1.2	09	-4.25	2.09	-0.26	3.05	4.46	3.73	-1.00	-1.00	-1.0	-1.0
5085346.35	659471.54	353.60	11/07/2025	12:05:25.69	1.2	09	-3.03	2.07	-0.27	3.03	4.61	3.70	-1.00	-1.00	-1.0	-1.0
5085345.79	659471.43	353.60	11/07/2025	12:05:26.22	1.2	09	-1.07	2.04	0.06	2.99	5.05	3.65	-1.00	-1.00	-1.0	-1.0
5085345.23	659471.31	353.60	11/07/2025	12:05:26.74	1.2	09	-4.41	2.05	0.04	2.99	4.83	3.66	-1.00	-1.00	-1.0	-1.0
5085344.67	659471.20	353.60	11/07/2025	12:05:27.20	1.2	09	-1.83	2.03	0.12	2.97	5.02	3.61	-1.00	-1.00	-1.0	-1.0
5085344.11	659471.08	353.60	11/07/2025	12:05:27.72	1.2	09	-7.19	2.06	0.26	2.98	4.72	3.66	-1.00	-1.00	-1.0	-1.0
5085343.55	659470.97	353.60	11/07/2025	12:05:28.25	1.2	09	-1.77	2.03	-0.17	2.96	4.96	3.60	-1.00	-1.00	-1.0	-1.0
5085342.99	659470.85	353.55	11/07/2025	12:05:28.69	1.2	09	-3.13	2.12	0.45	2.97	4.89	3.61	-1.00	-1.00	-1.0	-1.0
5085342.43	659470.74	353.50	11/07/2025	12:05:29.22	1.2	09	-2.14	2.11	0.31	2.96	4.88	3.60	-1.00	-1.00	-1.0	-1.0
5085341.78	659470.62	353.45	11/07/2025	12:05:29.74	1.2	09	-5.65	2.09	0.27	2.98	4.80	3.62	-1.00	-1.00	-1.0	-1.0
5085341.13	659470.51	353.40	11/07/2025	12:05:30.19	1.2	09	-2.67	2.07	0.07	2.95	4.89	3.61	-1.00	-1.00	-1.0	-1.0
5085340.57	659470.46	353.40	11/07/2025	12:05:30.72	1.2	09	-2.76	2.06	0.65	2.95	4.97	3.60	-1.00	-1.00	-1.0	-1.0
5085340.02	659470.41	353.40	11/07/2025	12:05:31.24	1.2	09	-1.50	2.03	0.18	2.93	5.03	3.55	-1.00	-1.00	-1.0	-1.0
5085339.37	659470.30	353.40	11/07/2025	12:05:31.69	1.2	09	-6.26	2.06	0.14	2.95	4.90	3.55	-1.00	-1.00	-1.0	-1.0
5085338.71	659470.19	353.40	11/07/2025	12:05:32.22	1.2	09	-1.87	2.05	0.24	2.93	5.06	3.51	-1.00	-1.00	-1.0	-1.0
5085338.16	659470.07	353.30	11/07/2025	12:05:32.74	1.2	09	-2.91	2.11	0.33	2.92	5.11	3.47	-1.00	-1.00	-1.0	-1.0
5085337.60	659469.96	353.20	11/07/2025	12:05:33.19	1.2	09	-3.01	2.07	0.51	2.91	4.93	3.55	-1.00	-1.00	-1.0	-1.0
5085336.95	659469.91	353.10	11/07/2025	12:05:33.72	1.2	09	-2.48	2.02	0.59	2.88	4.99	3.47	-1.00	-1.00	-1.0	-1.0
5085336.30	659469.86	353.00	11/07/2025	12:05:34.24	1.2	09	-5.57	2.03	0.09	2.90	4.68	3.49	-1.00	-1.00	-1.0	-1.0
5085335.74	659469.75	352.90	11/07/2025	12:05:34.69	1.2	09	-2.44	2.04	-0.13	2.87	4.80	3.45	-1.00	-1.00	-1.0	-1.0
5085335.18	659469.63	352.80	11/07/2025	12:05:35.22	1.2	09	-4.24	2.04	0.74	2.86	5.05	3.48	-1.00	-1.00	-1.0	-1.0
5085334.53	659469.58	352.75	11/07/2025	12:05:35.74	1.2	09	-1.21	2.05	0.43	2.88	5.34	3.46	-1.00	-1.00	-1.0	-1.0
5085333.88	659469.53	352.70	11/07/2025	12:05:36.19	1.2	09	-6.30	2.04	0.62	2.90	5.27	3.51	-1.00	-1.00	-1.0	-1.0
5085333.23	659469.42	352.60	11/07/2025	12:05:36.72	1.2	09	-3.02	2.05	0.13	2.89	5.33	3.47	-1.00	-1.00	-1.0	-1.0
5085332.58	659469.31	352.50	11/07/2025	12:05:37.24	1.2	09	-4.69	2.08	0.71	2.89	5.43	3.45	-1.00	-1.00	-1.0	-1.0
5085332.02	659469.19	352.45	11/07/2025	12:05:37.69	1.2	09	-3.22	2.08	0.67	2.90	5.78	3.48	-1.00	-1.00	-1.0	-1.0
5085331.46	659469.08	352.40	11/07/2025	12:05:38.22	1.2	09	-5.73	2.07	0.81	2.88	5.59	3.45	-1.00	-1.00	-1.0	-1.0
5085330.90	659468.96	352.40	11/07/2025	12:05:38.74	1.2	09	-5.23	2.08	0.69	2.89	5.83	3.45	-1.00	-1.00	-1.0	-1.0
5085330.34	659468.85	352.40	11/07/2025	12:05:39.19	1.2	09	-1.95	2.07	1.14	2.84	6.23	3.39	-1.00	-1.00	-1.0	-1.0
5085329.69	659468.74	352.35	11/07/2025	12:05:39.72	1.2	09	-2.71	2.03	1.27	2.83	6.18	3.39	-1.00	-1.00	-1.0	-1.0
5085329.04	659468.62	352.30	11/07/2025	12:05:40.24	1.2	09	-0.40	2.01	2.07	2.80	6.34	3.40	-1.00	-1.00	-1.0	-1.0
5085328.48	659468.51	352.30	11/07/2025	12:05:40.69	1.2	09	0.29	1.96	2.80	2.76	6.82	3.33	-1.00	-1.00	-1.0	-1.0
5085327.92	659468.39	352.30	11/07/2025	12:05:41.22	1.2	09	-0.71	2.03	1.63	2.81	6.51	3.35	-1.00	-1.00	-1.0	-1.0
5085327.36	659468.28	352.25	11/07/2025	12:05:41.74	1.2	09	-4.43	2.02	1.68	2.82	6.32	3.39	-1.00	-1.00	-1.0	-1.0
5085326.80	659468.16	352.20	11/07/2025	12:05:42.20	1.2	09	-1.45	1.99	0.68	2.82	6.06	3.40	-1.00	-1.00	-1.0	-1.0
5085326.24	659468.05	352.15	11/07/2025	12:05:42.72	1.2	09	-7.28	2.02	1.43	2.79	6.06	3.33	-1.00	-1.00	-1.0	-1.0
5085325.69	659467.93	352.10	11/07/2025	12:05:43.24	1.2	09	-1.42	2.03	1.14	2.83	6.40	3.38	-1.00	-1.00	-1.0	-1.0
5085325.13	659467.82	352.05	11/07/2025	12:05:43.69	1.2	09	-2.83	1.99	1.44	2.77	6.42	3.33	-1.00	-1.00	-1.0	-1.0
5085324.57	659467.70	352.00	11/07/2025	12:05:44.22	1.2	09	-0.67	1.95	1.12	2.78	6.18	3.34	-1.00	-1.00	-1.0	-1.0
5085324.01	659467.59	352.00	11/07/2025	12:05:44.74	1.2	09	1.23	1.96	1.39	2.78	6.52	3.33	-1.00	-1.00	-1.0	-1.0
5085323.45	659467.48	352.00	11/07/2025	12:05:45.19	1.2	09	-6.45	2.06	1.40	2.83	6.35	3.39	-1.00	-1.00	-1.0	-1.0
5085322.98	659467.36	352.00	11/07/2025	12:05:45.72	1.2	09	-1.38	2.04	1.07	2.83	6.16	3.41	-1.00	-1.00	-1.0	-1.0
5085322.52	659467.24	352.00	11/07/2025	12:05:46.17	1.2	09	-4.73	2.02	1.65	2.82	6.27	3.39	-1.00	-1.00	-1.0	-1.0
5085321.96	659467.13	352.00	11/07/2025	12:05:46.70	1.2	09	-1.08	2.00	1.16	2.81	6.51	3.36	-1.00	-1.00	-1.0	-1.0
5085321.40	659467.01	352.00	11/07/2025	12:05:47.22	1.2	09	-0.34	2.01	1.18	2.81	6.46	3.34	-1.00	-1.00	-1.0	-1.0
5085321.03	659467.08	352.00	11/07/2025	12:05:47.67	1.2	09	-1.52	2.08	0.93	2.83	6.13	3.38	-1.00	-1.00	-1.0	-1.0
5085320.66	659467.16	352.00	11/07/2025	12:05:48.19	1.2	09	-1.12	2.08	0.98	2.86	6.16	3.39	-1.00	-1.00	-1.0	-1.0
5085320.58	659467.42	351.95	11/07/2025	12:05:48.72	1.2	09	-0.77	2.05	1.43	2.85	6.07	3.40	-1.00	-1.00	-1.0	-1.0
5085320.49	659467.68	351.90	11/07/2025	12:05:49.17	1.2	09	-1.20	2.06	0.62	2.82	6.12	3.35	-1.00	-1.00	-1.0	-1.0
5085320.40	659467.94	351.85	11/07/2025	12:05:49.69	1.2	09	-1.80	2.10	1.15	2.86	5.81	3.40	-1.00	-1.00	-1.0	-1.0
5085320.32	659468.20	351.80	11/07/2025	12:05:50.22	1.2	09	-2.32	2.12	0.16	2.88	5.63	3.36	-1.00	-1.00	-1.0	-1.0
5085320.23	659468.53	351.75	11/07/2025	12:05:50.67	1.2	09	-1.46	2.07	0.43	2.83	5.84	3.34	-1.00	-1.00	-1.0	-1.0
5085320.15	659468.85	351.70	11/07/2025	12:05:51.19	1.2	09	-2.97	2.12	1.80	2.85	5.76	3.39	-1.00	-1.00	-1.0	-1.0
5085320.34	659469.04	351.70	11/07/2025	12:05:51.72	1.2	09	-2.46	2.10	-0.30	2.91	6.03	3.38	-1.00	-1.00	-1.0	-1.0
5085320.53	659469.23	351.70	11/07/2025	12:05:52.17	1.2	09	-1.27	2.04	0.60	2.81	6.18	3.36	-1.00	-1.00	-1.0	-1.0
5085320.91	659469.42	351.70	11/07/2025	12:05:52.70	1.2	09	-13.52	2.13	1.04	2.85	6.23	3.39	-1.00	-1.00	-1.0	-1.0
5085321.28	659469.60	351.70	11/07/2025	12:05:53.22	1.2	09	-3.11	2.11	0.69	2.88	6.31	3.38	-1.00	-1.00	-1.0	-1.0
5085321.75	659469.72	351.65	11/07/2025	12:05:53.67	1.2	09	-2.19	2.04	1.58	2.82	6.44	3.39	-1.00	-1.00	-1.0	-1.0
5085322.21	659469.84	351.60	11/07/2025	12:05:54.19	1.2	09	-2.62	2.06	1.31	2.90	6.00	3.46	-1.00	-1.00	-1.0	-1.0
5085322.68	659469.95	351.60	11/07/2025	12:05:54.72	1.2	09	-2.08	2.07	0.99	2.82	6.08	3.32	-1.00	-1.00	-1.0	-1.0
5085323.15	659470.07	351.60	11/07/2025	12:05:55.17	1.2	09	-6.16	2.10	1.05	2.85	6.32	3.39	-1.00	-1.00	-1.0	-1.0
5085323.71	659470.19	351.65	11/07/2025	12:05:55.69	1.2	09	-3.38	2.12	0.44	2.88	6.01	3.38	-1.00	-1.00	-1.0	-1.0
5085324.26	659470.30	351.70	11/07/2025	12:05:56.22	1.2	09	-3.41	2.07	0.43	2.84	6.11	3.36	-1.00	-1.00	-1.0	-1.0
5085324.82	659470.42	351.65	11/07/2025	12:05:56.67	1.2	09	-5.31	2.09	0.96	2.87	6.35	3.40	-1.00	-1.00	-1.0	-1.0
5085325.38	659470.53	351.60	11/07/2025	12:05:57.19	1.2	09	-1.89	2.07	1.22	2.83	6.35	3.36	-1.00	-1.00	-1.0	-1.0
5085326.03	659470.64	351.60	11/07/2025	12:05:57.72	1.2	09	-4.88	2.06	1.01	2.84	6.34	3.38	-1.00	-1.00	-1.0	-1.0
5085326.68	659470.76	351.60	11/07/2025	12:05:58.17	1.2	09	-2.69	2.03	0.15	2.84	6.43	3.34	-1.00	-1.00	-1.0	-1.0
5085327.25	659470.93	351.60	11/07/2025	12:05:58.69	1.2	09	-2.34	2.03	0.86	2.80	6.54	3.35	-1.00	-1.00	-1.0	-1.0
5085327.81	659471.11	351.60	11/07/2025	12:05:59.22	1.2	09	-5.02	2.07	0.70	2.82	6.46	3.36	-1.00	-1.00	-1.0	-1.0
5085328.46	659471.23	351.65	11/07/2025	12:05:59.67	1.2	09	-1.84	2.03	0.72	2.81	6.33	3.30	-1.00	-1.00	-1.0	-1.0
5085329.11	659471.34	351.70	11/07/2025	12:06:00.19	1.2	09	-6.10	2.03	1.43	2.79	6.45	3.31	-1.00	-1.00	-1.0	-1.0
5085329.67	659471.45	351.70	11/07/2025	12:06:00.72	1.2	09	-1.51	2.04	0.81	2.80	6.49	3.28	-1.00	-1.00	-1.0	-1.0
5085330.23	659471.57	351.70	11/07/2025	12:06:01.17	1.2	09	-4.25	2.03	1.34	2.80	6.59	3.32	-1.00	-1.00	-1.0	-1.0
5085330.88	659471.75	351.70	11/07/2025	12:06:01.69	1.2	09	-2.37	2.06	0.71	2.84	6.29	3.33	-1.00	-1.00	-1.0	-1.0
5085331.53	659471.92	351.70	11/07/2025	12:06:02.22	1.2	09	-2.68	2.08	0.73	2.84	6.23	3.35	-1.00	-1.00	-1.0	-1.0
5085332.09	659472.04	351.75	11/07/2025	12:06:02.67	1.2	09	-7.43	2.10	1.06	2.84	6.08	3.37	-1.00	-1.00	-1.0	-1.0
5085332.65	659472.15	351.80	11/07/2025	12:06:03.20	1.2	09	-1.50	2.05	1.31	2.82	6.20	3.36	-1.00	-1.00	-1.0	-1.0
5085333.30	659472.33	351.85	11/07/2025	12:06:03.72	1.2	09	-5.75	2.07	1.31	2.85	6.06	3.42	-1.00	-1.00	-1.0	-1.0
5085333.96	659472.51	351.90	11/07/2025	12:06:04.17	1.2	09	-2.77	2.09	0.65	2.89	5.97	3.43	-1.00	-1.00	-1.0	-1.0
5085334.42	659472.69	351.90	11/07/2025	12:06:04.69	1.2	09	-3.78	2.05	0.70	2.86	5.86	3.42	-1.00	-1.00	-1.0	-1.0
5085334.89	659472.87	351.90	11/07/2025	12:06:05.22	1.2	09	-4.44	2.04	0.72	2.88	5.75	3.48	-1.00	-1.00	-1.0	-1.0
5085335.45	659473.05	351.90	11/07/2025	12:06:05.67	1.2	09	-1.71	2.01	0.65	2.86	5.91	3.42	-1.00	-1.00	-1.0	-1.0
5085336.01	659473.23	351.90	11/07/2025	12:06:06.20	1.2	09	-7.12	2.08	1.32	2.85	5.84	3.45	-1.00	-1.00	-1.0	-1.0
5085336.48	659473.41	351.90	11/07/2025	12:06:06.72	1.2	09	-2.98	2.09	0.19	2.89	5.65	3.42	-1.00	-1.00	-1.0	-1.0
5085336.95	659473.60	351.90	11/07/2025	12:06:07.17	1.2	09	-3.32	2.06	0.17	2.87	5.46	3.43	-1.00	-1.00	-1.0	-1.0
5085337.41	659473.65	351.95	11/07/2025	12:06:07.69	1.2	09	-6.19	2.08	0.16	2.90	5.13	3.48	-1.00	-1.00	-1.0	-1.0
5085337.88	659473.70	352.00	11/07/2025	12:06:08.22	1.2	09	-1.59	2.06	0.18	2.90	5.42	3.44	-1.00	-1.00	-1.0	-1.0
5085338.44	659473.82	352.05	11/07/2025	12:06:08.67	1.2	09	-7.46	2.09	0.31	2.90	5.70	3.46	-1.00	-1.00	-1.0	-1.0
5085339.00	659473.93	352.10	11/07/2025	12:06:09.19	1.2	09	-3.03	2.08	0.21	2.92	5.56	3.46	-1.00	-1.00	-1.0	-1.0
5085339.46	659474.05	352.10	11/07/2025	12:06:09.72	1.2	09	-1.32	2.05	0.28	2.88	5.54	3.39	-1.00	-1.00	-1.0	-1.0
5085339.93	659474.17	352.10	11/07/2025	12:06:10.17	1.2	09	-6.44	2.07	0.56	2.82	4.93	3.43	-1.00	-1.00	-1.0	-1.0
5085340.39	659474.28	352.15	11/07/2025	12:06:10.69	1.2	09	3.30	1.95	0.34	2.80	5.14	3.33	-1.00	-1.00	-1.0	-1.0
5085340.86	659474.40	352.20	11/07/2025	12:06:11.22	1.2	09	-6.80	2.04	0.02	2.84	4.86	3.44	-1.00	-1.00	-1.0	-1.0
5085341.42	659474.51	352.25	11/07/2025	12:06:11.67	1.2	09	-2.39	2.03	-0.57	2.89	4.86	3.42	-1.00	-1.00	-1.0	-1.0
5085341.98	659474.63	352.30	11/07/2025	12:06:12.19	1.2	09	-3.85	2.04	-0.32	2.88	5.01	3.40	-1.00	-1.00	-1.0	-1.0
5085342.54	659474.74	352.35	11/07/2025	12:06:12.72	1.2	09	-7.91	2.09	-0.42	2.90	4.99	3.43	-1.00	-1.00	-1.0	-1.0
5085343.10	659474.86	352.40	11/07/2025	12:06:13.17	1.2	09	-2.89	2.05	-0.16	2.85	5.14	3.36	-1.00	-1.00	-1.0	-1.0
5085343.56	659475.04	352.40	11/07/2025	12:06:13.69	1.2	09	-7.07	2.07	0.14	2.85	5.30	3.39	-1.00	-1.00	-1.0	-1.0
5085344.03	659475.22	352.40	11/07/2025	12:06:14.22	1.2	09	-3.16	2.05	-0.41	2.89	5.46	3.42	-1.00	-1.00	-1.0	-1.0
5085344.50	659475.41	352.45	11/07/2025	12:06:14.67	1.2	09	-7.37	2.08	0.13	2.89	5.47	3.45	-1.00	-1.00	-1.0	-1.0
5085344.97	659475.59	352.50	11/07/2025	12:06:15.19	1.2	09	-3.72	2.07	-0.08	2.92	5.50	3.43	-1.00	-1.00	-1.0	-1.0
5085345.53	659475.70	352.50	11/07/2025	12:06:15.72	1.2	09	-1.21	2.02	0.27	2.88	5.75	3.44	-1.00	-1.00	-1.0	-1.0
5085346.09	659475.82	352.50	11/07/2025	12:06:16.17	1.2	09	-13.35	2.08	0.99	2.89	5.55	3.48	-1.00	-1.00	-1.0	-1.0
5085346.55	659476.00	352.50	11/07/2025	12:06:16.69	1.2	09	-2.01	2.05	0.00	2.88	4.81	3.46	-1.00	-1.00	-1.0	-1.0
5085347.02	659476.18	352.50	11/07/2025	12:06:17.22	1.2	09	-2.69	2.08	-1.64	2.97	5.58	3.31	-1.00	-1.00	-1.0	-1.0
5085347.49	659476.30	352.45	11/07/2025	12:06:17.67	1.2	09	-2.49	2.11	-1.04	2.93	5.43	3.20	-1.00	-1.00	-1.0	-1.0
5085347.95	659476.42	352.40	11/07/2025	12:06:18.19	1.2	09	-3.32	2.08	0.18	2.82	5.56	2.99	-1.00	-1.00	-1.0	-1.0
5085348.51	659476.53	352.45	11/07/2025	12:06:18.72	1.2	09	-5.50	2.06	0.39	2.74	5.34	2.99	-1.00	-1.00	-1.0	-1.0
5085349.07	659476.65	352.50	11/07/2025	12:06:19.17	1.2	09	-2.48	2.04	-0.06	2.75	5.35	3.06	-1.00	-1.00	-1.0	-1.0
5085349.63	659476.76	352.50	11/07/2025	12:06:19.70	1.2	09	-4.51	2.05	0.22	2.80	5.18	3.12	-1.00	-1.00	-1.0	-1.0
5085350.19	659476.88	352.50	11/07/2025	12:06:20.22	1.2	09	-3.52	2.08	-0.70	2.87	5.24	3.16	-1.00	-1.00	-1.0	-1.0
5085350.66	659477.06	352.50	11/07/2025	12:06:20.67	1.2	09	-2.71	2.05	-0.40	2.85	5.18	3.17	-1.00	-1.00	-1.0	-1.0
5085351.13	659477.24	352.50	11/07/2025	12:06:21.19	1.2	09	-8.92	2.09	-0.01	2.86	5.11	3.27	-1.00	-1.00	-1.0	-1.0
5085351.68	659477.35	352.55	11/07/2025	12:06:21.72	1.2	09	-2.57	2.07	-0.11	2.89	4.82	3.37	-1.00	-1.00	-1.0	-1.0
5085352.24	659477.47	352.60	11/07/2025	12:06:22.17	1.2	09	-5.23	2.07	-0.15	2.92	4.53	3.41	-1.00	-1.00	-1.0	-1.0
5085352.80	659477.58	352.65	11/07/2025	12:06:22.69	1.2	09	-3.19	2.09	-1.42	2.93	4.17	3.48	-1.00	-1.00	-1.0	-1.0
5085353.36	659477.70	352.70	11/07/2025	12:06:23.22	1.2	09	-5.01	2.09	-1.51	2.92	3.94	3.51	-1.00	-1.00	-1.0	-1.0
5085353.92	659477.81	352.70	11/07/2025	12:06:23.67	1.2	09	-10.49	2.13	-1.59	2.97	3.77	3.52	-1.00	-1.00	-1.0	-1.0
5085354.48	659477.93	352.70	11/07/2025	12:06:24.19	1.2	09	-4.29	2.07	-1.61	2.94	3.98	3.49	-1.00	-1.00	-1.0	-1.0
5085355.04	659477.98	352.70	11/07/2025	12:06:24.72	1.2	09	-14.93	2.12	-1.13	2.92	3.72	3.48	-1.00	-1.00	-1.0	-1.0
5085355.59	659478.03	352.70	11/07/2025	12:06:25.17	1.2	09	-6.08	2.07	-2.01	2.91	3.73	3.49	-1.00	-1.00	-1.0	-1.0
5085356.15	659478.15	352.80	11/07/2025	12:06:25.69	1.2	09	-6.30	2.06	-1.48	2.89	3.78	3.48	-1.00	-1.00	-1.0	-1.0
5085356.71	659478.26	352.90	11/07/2025	12:06:26.22	1.2	09	-6.01	2.12	-1.18	2.95	4.24	3.47	-1.00	-1.00	-1.0	-1.0
5085357.27	659478.44	352.95	11/07/2025	12:06:26.67	1.2	09	-1.20	2.07	0.18	2.88	4.08	3.50	-1.00	-1.00	-1.0	-1.0
5085357.83	659478.62	353.00	11/07/2025	12:06:27.19	1.2	09	-6.85	2.09	0.05	2.93	4.18	3.51	-1.00	-1.00	-1.0	-1.0
5085358.39	659478.73	353.05	11/07/2025	12:06:27.72	1.2	09	-5.77	2.10	-1.14	2.97	4.03	3.54	-1.00	-1.00	-1.0	-1.0
5085358.95	659478.85	353.10	11/07/2025	12:06:28.17	1.2	09	-10.27	2.11	-0.73	2.93	4.17	3.56	-1.00	-1.00	-1.0	-1.0
5085359.42	659478.97	353.15	11/07/2025	12:06:28.69	1.2	09	-4.11	2.06	-1.09	2.97	4.17	3.57	-1.00	-1.00	-1.0	-1.0
5085359.88	659479.08	353.20	11/07/2025	12:06:29.14	1.2	09	-3.73	2.05	-0.82	2.96	4.62	3.52	-1.00	-1.00	-1.0	-1.0
5085360.44	659479.20	353.20	11/07/2025	12:06:29.67	1.2	09	-8.53	2.10	-0.21	2.94	4.54	3.54	-1.00	-1.00	-1.0	-1.0
5085361.00	659479.31	353.20	11/07/2025	12:06:30.19	1.2	09	-1.26	2.02	-0.01	2.88	4.68	3.49	-1.00	-1.00	-1.0	-1.0
5085361.47	659479.43	353.20	11/07/2025	12:06:30.64	1.2	09	-9.47	2.07	0.10	2.93	4.69	3.56	-1.00	-1.00	-1.0	-1.0
5085361.93	659479.55	353.20	11/07/2025	12:06:31.17	1.2	09	-4.20	2.06	-0.76	2.97	4.74	3.55	-1.00	-1.00	-1.0	-1.0
5085362.40	659479.67	353.20	11/07/2025	12:06:31.69	1.2	09	-5.91	2.07	-0.14	2.94	4.99	3.57	-1.00	-1.00	-1.0	-1.0
5085362.86	659479.78	353.20	11/07/2025	12:06:32.14	1.2	09	-5.74	2.07	-0.36	3.01	5.08	3.53	-1.00	-1.00	-1.0	-1.0
5085363.42	659479.83	353.20	11/07/2025	12:06:32.67	1.2	09	-1.46	2.02	-0.52	2.98	5.20	3.52	-1.00	-1.00	-1.0	-1.0
5085363.98	659479.88	353.20	11/07/2025	12:06:33.19	1.2	09	-13.64	2.10	0.36	2.88	5.16	3.48	-1.00	-1.00	-1.0	-1.0
5085364.45	659480.00	353.25	11/07/2025	12:06:33.65	1.2	09	-2.59	2.02	-0.18	2.89	5.39	3.45	-1.00	-1.00	-1.0	-1.0
5085364.91	659480.12	353.30	11/07/2025	12:06:34.17	1.2	09	-15.82	2.08	0.21	2.89	5.33	3.47	-1.00	-1.00	-1.0	-1.0
5085365.47	659480.17	353.30	11/07/2025	12:06:34.70	1.2	09	-0.87	2.00	0.94	2.86	5.84	3.40	-1.00	-1.00	-1.0	-1.0
5085366.03	659480.22	353.30	11/07/2025	12:06:35.14	1.2	09	-7.70	2.03	0.89	2.80	6.02	3.36	-1.00	-1.00	-1.0	-1.0
5085366.58	659480.27	353.30	11/07/2025	12:06:35.67	1.2	09	-2.36	1.98	0.63	2.81	5.97	3.36	-1.00	-1.00	-1.0	-1.0
5085367.14	659480.32	353.30	11/07/2025	12:06:36.19	1.2	09	-1.81	1.99	0.20	2.84	6.12	3.40	-1.00	-1.00	-1.0	-1.0
5085367.70	659480.43	353.30	11/07/2025	12:06:36.64	1.2	09	-6.95	2.03	1.14	2.88	6.01	3.50	-1.00	-1.00	-1.0	-1.0
5085368.26	659480.55	353.30	11/07/2025	12:06:37.17	1.2	09	-0.49	1.99	0.93	2.92	5.81	3.53	-1.00	-1.00	-1.0	-1.0
5085368.72	659480.60	353.25	11/07/2025	12:06:37.69	1.2	09	-9.03	2.04	0.61	2.95	5.54	3.56	-1.00	-1.00	-1.0	-1.0
5085369.19	659480.66	353.20	11/07/2025	12:06:38.14	1.2	09	-0.90	1.98	0.50	2.91	5.70	3.52	-1.00	-1.00	-1.0	-1.0
5085369.75	659480.83	353.20	11/07/2025	12:06:38.67	1.2	09	-0.82	1.95	0.91	2.87	5.85	3.48	-1.00	-1.00	-1.0	-1.0
5085370.31	659481.01	353.20	11/07/2025	12:06:39.19	1.2	09	-3.23	2.01	0.42	2.88	5.67	3.47	-1.00	-1.00	-1.0	-1.0
5085370.77	659481.13	353.20	11/07/2025	12:06:39.64	1.2	09	-1.74	2.00	0.45	2.84	5.65	3.47	-1.00	-1.00	-1.0	-1.0
5085371.24	659481.25	353.20	11/07/2025	12:06:40.17	1.2	09	-14.42	2.06	0.92	2.85	5.48	3.49	-1.00	-1.00	-1.0	-1.0
5085371.80	659481.30	353.20	11/07/2025	12:06:40.69	1.2	09	-1.40	1.95	-0.03	2.86	5.61	3.45	-1.00	-1.00	-1.0	-1.0
5085372.36	659481.35	353.20	11/07/2025	12:06:41.14	1.2	09	-6.06	2.01	0.19	2.88	5.59	3.47	-1.00	-1.00	-1.0	-1.0
5085372.82	659481.47	353.20	11/07/2025	12:06:41.67	1.2	09	-1.62	2.00	-0.12	2.90	5.79	3.48	-1.00	-1.00	-1.0	-1.0
5085373.29	659481.58	353.20	11/07/2025	12:06:42.19	1.2	09	-0.38	1.98	-0.09	2.88	5.97	3.47	-1.00	-1.00	-1.0	-1.0
5085373.76	659481.77	353.15	11/07/2025	12:06:42.64	1.2	09	-5.04	2.01	1.47	2.85	5.98	3.53	-1.00	-1.00	-1.0	-1.0
5085374.22	659481.95	353.10	11/07/2025	12:06:43.17	1.2	09	-0.71	2.04	-0.14	2.92	6.52	3.56	-1.00	-1.00	-1.0	-1.0
5085374.42	659482.27	353.20	11/07/2025	12:06:43.69	1.2	09	0.53	2.01	0.63	2.91	6.64	3.64	-1.00	-1.00	-1.0	-1.0
5085374.61	659482.59	353.30	11/07/2025	12:06:44.14	1.2	09	-28.85	2.23	2.96	2.89	7.10	3.71	-1.00	-1.00	-1.0	-1.0
5085374.71	659482.78	353.40	11/07/2025	12:06:44.67	1.2	09	2.14	2.00	1.48	2.95	6.64	3.68	-1.00	-1.00	-1.0	-1.0
5085374.81	659482.97	353.50	11/07/2025	12:06:45.19	1.2	09	0.93	2.06	1.53	2.96	6.83	3.70	-1.00	-1.00	-1.0	-1.0
5085374.81	659483.10	353.55	11/07/2025	12:06:45.64	1.2	09	-1.13	2.14	2.27	2.97	7.17	3.74	-1.00	-1.00	-1.0	-1.0
5085374.81	659483.23	353.60	11/07/2025	12:06:46.17	1.2	09	-0.15	2.04	0.79	2.98	6.89	3.70	-1.00	-1.00	-1.0	-1.0
5085374.72	659483.42	353.65	11/07/2025	12:06:46.69	1.2	09	0.52	2.02	1.66	2.92	6.85	3.68	0.00	80.94	2.8	64.3
5085374.64	659483.62	353.70	11/07/2025	12:06:47.14	1.2	09	-3.11	2.05	2.61	2.91	7.12	3.67	-1.00	-1.00	-1.0	-1.0
5085374.55	659483.94	353.75	11/07/2025	12:06:47.67	1.2	09	0.04	1.97	1.88	2.92	7.46	3.63	-1.00	-1.00	-1.0	-1.0
5085374.47	659484.27	353.80	11/07/2025	12:06:48.19	1.2	09	-3.92	1.98	2.46	2.91	7.59	3.66	-1.00	-1.00	-1.0	-1.0
5085374.29	659484.66	353.80	11/07/2025	12:06:48.64	1.2	09	1.58	1.96	2.49	2.92	8.24	3.65	0.10	75.51	2.3	26.2
5085374.12	659485.06	353.80	11/07/2025	12:06:49.17	1.2	09	2.83	1.97	2.73	2.92	8.19	3.63	0.77	51.94	1.9	29.6
5085373.94	659485.25	353.85	11/07/2025	12:06:49.69	1.2	09	4.09	1.98	2.78	2.92	8.47	3.61	2.20	13.30	0.7	35.4
5085373.76	659485.45	353.90	11/07/2025	12:06:50.14	1.2	09	4.74	1.97	2.19	2.89	8.38	3.50	2.57	12.67	0.7	47.3
5085373.66	659485.39	353.90	11/07/2025	12:06:50.67	1.2	09	5.24	1.97	3.23	2.85	8.34	3.48	3.25	12.51	0.7	28.2
5085373.57	659485.33	353.90	11/07/2025	12:06:51.19	1.2	09	9.21	1.94	3.06	2.84	8.15	3.47	37.05	4.52	0.0	44.1
5085373.38	659485.27	353.95	11/07/2025	12:06:51.64	1.2	09	4.24	1.99	1.83	2.90	8.03	3.48	1.71	15.55	0.9	49.2
5085373.20	659485.21	354.00	11/07/2025	12:06:52.17	1.2	09	1.42	2.02	1.37	2.87	7.82	3.43	-1.00	-1.00	-1.0	-1.0
5085372.92	659485.15	354.05	11/07/2025	12:06:52.69	1.2	09	-9.72	1.97	2.93	2.78	7.44	3.43	-1.00	-1.00	-1.0	-1.0
5085372.64	659485.09	354.10	11/07/2025	12:06:53.14	1.2	09	-0.45	1.93	1.47	2.81	6.91	3.38	-1.00	-1.00	-1.0	-1.0
5085372.17	659484.98	354.10	11/07/2025	12:06:53.67	1.2	09	-10.44	2.09	1.64	2.84	6.64	3.43	-1.00	-1.00	-1.0	-1.0
5085371.70	659484.86	354.10	11/07/2025	12:06:54.19	1.2	09	-2.27	1.98	1.44	2.80	6.77	3.40	-1.00	-1.00	-1.0	-1.0
5085371.24	659484.68	354.10	11/07/2025	12:06:54.65	1.2	09	-7.15	1.95	1.91	2.74	6.99	3.34	-1.00	-1.00	-1.0	-1.0
5085370.77	659484.50	354.10	11/07/2025	12:06:55.17	1.2	09	-11.16	2.05	1.50	2.82	6.80	3.38	-1.00	-1.00	-1.0	-1.0
5085370.21	659484.38	354.10	11/07/2025	12:06:55.70	1.2	09	-2.04	2.01	1.57	2.81	6.76	3.41	-1.00	-1.00	-1.0	-1.0
5085369.65	659484.27	354.10	11/07/2025	12:06:56.14	1.2	09	-14.70	2.06	1.82	2.83	6.53	3.45	-1.00	-1.00	-1.0	-1.0
5085369.18	659484.15	354.05	11/07/2025	12:06:56.67	1.2	09	-1.84	2.00	0.85	2.86	6.34	3.44	-1.00	-1.00	-1.0	-1.0
5085368.72	659484.03	354.00	11/07/2025	12:06:57.12	1.2	09	-4.78	2.01	1.44	2.86	6.21	3.46	-1.00	-1.00	-1.0	-1.0
5085368.07	659483.98	353.95	11/07/2025	12:06:57.64	1.2	09	-1.73	2.03	1.14	2.89	6.52	3.44	-1.00	-1.00	-1.0	-1.0
5085367.42	659483.93	353.90	11/07/2025	12:06:58.17	1.2	09	-6.24	2.07	1.31	2.87	6.53	3.43	-1.00	-1.00	-1.0	-1.0
5085366.86	659483.82	353.75	11/07/2025	12:06:58.62	1.2	09	-3.16	2.00	1.44	2.84	6.44	3.42	-1.00	-1.00	-1.0	-1.0
5085366.30	659483.70	353.60	11/07/2025	12:06:59.14	1.2	09	-1.46	2.02	1.43	2.82	6.36	3.41	-1.00	-1.00	-1.0	-1.0
5085365.65	659483.59	353.50	11/07/2025	12:06:59.67	1.2	09	-8.44	2.05	1.61	2.84	6.41	3.40	-1.00	-1.00	-1.0	-1.0
5085365.00	659483.48	353.40	11/07/2025	12:07:00.12	1.2	09	-0.47	1.98	1.55	2.81	6.43	3.40	-1.00	-1.00	-1.0	-1.0
5085364.44	659483.36	353.40	11/07/2025	12:07:00.64	1.2	09	-4.24	1.97	1.58	2.83	6.28	3.43	-1.00	-1.00	-1.0	-1.0
5085363.88	659483.25	353.40	11/07/2025	12:07:01.17	1.2	09	-2.02	2.03	1.11	2.84	6.46	3.41	-1.00	-1.00	-1.0	-1.0
5085363.32	659483.13	353.35	11/07/2025	12:07:01.62	1.2	09	-5.72	2.10	1.12	2.89	6.18	3.43	-1.00	-1.00	-1.0	-1.0
5085362.76	659483.02	353.30	11/07/2025	12:07:02.14	1.2	09	-3.07	2.11	0.89	2.89	6.19	3.42	-1.00	-1.00	-1.0	-1.0
5085362.21	659482.97	353.25	11/07/2025	12:07:02.67	1.2	09	-3.59	2.10	0.86	2.89	6.02	3.44	-1.00	-1.00	-1.0	-1.0
5085361.65	659482.92	353.20	11/07/2025	12:07:03.12	1.2	09	-5.49	2.06	0.53	2.89	5.80	3.43	-1.00	-1.00	-1.0	-1.0
5085361.09	659482.74	353.20	11/07/2025	12:07:03.64	1.2	09	-1.24	2.05	0.67	2.87	5.74	3.42	-1.00	-1.00	-1.0	-1.0
5085360.53	659482.56	353.20	11/07/2025	12:07:04.17	1.2	09	-7.04	2.10	0.81	2.86	5.77	3.40	-1.00	-1.00	-1.0	-1.0
5085359.97	659482.51	353.15	11/07/2025	12:07:04.62	1.2	09	-2.22	2.06	0.63	2.85	5.45	3.42	-1.00	-1.00	-1.0	-1.0
5085359.41	659482.46	353.10	11/07/2025	12:07:05.14	1.2	09	-6.16	2.05	0.51	2.88	5.27	3.49	-1.00	-1.00	-1.0	-1.0
5085358.85	659482.34	353.10	11/07/2025	12:07:05.67	1.2	09	-2.84	2.03	-0.15	2.90	5.24	3.45	-1.00	-1.00	-1.0	-1.0
5085358.30	659482.23	353.10	11/07/2025	12:07:06.12	1.2	09	-4.21	2.04	0.26	2.88	4.95	3.49	-1.00	-1.00	-1.0	-1.0
5085357.74	659482.11	353.05	11/07/2025	12:07:06.64	1.2	09	-2.99	2.04	-0.42	2.90	4.81	3.51	-1.00	-1.00	-1.0	-1.0
5085357.18	659482.00	353.00	11/07/2025	12:07:07.17	1.2	09	-3.07	2.03	-0.18	2.92	4.71	3.50	-1.00	-1.00	-1.0	-1.0
5085356.62	659481.88	353.00	11/07/2025	12:07:07.62	1.2	09	-7.38	2.11	-0.49	2.98	4.71	3.56	-1.00	-1.00	-1.0	-1.0
5085356.06	659481.77	353.00	11/07/2025	12:07:08.14	1.2	09	-1.96	2.07	-0.32	2.91	4.34	3.54	-1.00	-1.00	-1.0	-1.0
5085355.50	659481.65	353.00	11/07/2025	12:07:08.67	1.2	09	-13.09	2.09	0.20	2.88	4.38	3.53	-1.00	-1.00	-1.0	-1.0
5085354.94	659481.54	353.00	11/07/2025	12:07:09.12	1.2	09	-3.68	2.06	-0.97	2.93	4.56	3.51	-1.00	-1.00	-1.0	-1.0
5085354.38	659481.42	352.95	11/07/2025	12:07:09.64	1.2	09	-6.18	2.02	0.04	2.90	4.29	3.52	-1.00	-1.00	-1.0	-1.0
5085353.82	659481.31	352.90	11/07/2025	12:07:10.17	1.2	09	-2.12	2.00	-0.83	2.92	4.44	3.50	-1.00	-1.00	-1.0	-1.0
5085353.27	659481.19	352.80	11/07/2025	12:07:10.62	1.2	09	-12.26	2.09	-0.19	2.90	4.60	3.51	-1.00	-1.00	-1.0	-1.0
5085352.71	659481.08	352.70	11/07/2025	12:07:11.14	1.2	09	-5.00	2.03	-0.14	2.88	4.54	3.51	-1.00	-1.00	-1.0	-1.0
5085352.15	659480.90	352.65	11/07/2025	12:07:11.67	1.2	09	-0.37	1.96	0.51	2.85	4.81	3.47	-1.00	-1.00	-1.0	-1.0
5085351.59	659480.72	352.60	11/07/2025	12:07:12.12	1.2	09	-2.96	1.99	-0.31	2.90	4.84	3.49	-1.00	-1.00	-1.0	-1.0
5085351.12	659480.54	352.60	11/07/2025	12:07:12.64	1.2	09	-5.82	2.06	-0.49	2.93	5.12	3.41	-1.00	-1.00	-1.0	-1.0
5085350.65	659480.36	352.60	11/07/2025	12:07:13.17	1.2	09	-21.13	2.18	0.43	2.89	5.02	3.38	-1.00	-1.00	-1.0	-1.0
5085350.09	659480.24	352.55	11/07/2025	12:07:13.62	1.2	09	-1.52	2.05	0.13	2.86	5.38	3.23	-1.00	-1.00	-1.0	-1.0
5085349.53	659480.13	352.50	11/07/2025	12:07:14.14	1.2	09	-10.27	2.09	0.57	2.82	5.20	3.22	-1.00	-1.00	-1.0	-1.0
5085348.97	659480.01	352.45	11/07/2025	12:07:14.67	1.2	09	-3.60	1.99	-0.82	2.78	5.52	3.04	-1.00	-1.00	-1.0	-1.0
5085348.41	659479.90	352.40	11/07/2025	12:07:15.11	1.2	09	-6.91	2.06	0.41	2.74	5.69	2.93	-1.00	-1.00	-1.0	-1.0
5085347.86	659479.78	352.35	11/07/2025	12:07:15.64	1.2	09	-3.13	2.04	-0.08	2.69	5.96	2.75	-1.00	-1.00	-1.0	-1.0
5085347.30	659479.67	352.30	11/07/2025	12:07:16.16	1.2	09	-2.65	1.99	0.98	2.64	6.26	2.72	-1.00	-1.00	-1.0	-1.0
5085346.83	659479.55	352.30	11/07/2025	12:07:16.62	1.2	09	-4.33	1.92	1.14	2.52	6.02	2.86	-1.00	-1.00	-1.0	-1.0
5085346.36	659479.43	352.30	11/07/2025	12:07:17.14	1.2	09	-1.89	2.01	0.49	2.74	5.90	3.21	-1.00	-1.00	-1.0	-1.0
5085345.81	659479.32	352.25	11/07/2025	12:07:17.67	1.2	09	-11.71	2.03	1.31	2.82	6.14	3.39	-1.00	-1.00	-1.0	-1.0
5085345.25	659479.20	352.20	11/07/2025	12:07:18.12	1.2	09	-0.10	1.95	1.39	2.81	6.34	3.40	-1.00	-1.00	-1.0	-1.0
5085344.69	659479.09	352.20	11/07/2025	12:07:18.64	1.2	09	-5.69	1.99	1.92	2.82	6.06	3.44	-1.00	-1.00	-1.0	-1.0
5085344.13	659478.97	352.20	11/07/2025	12:07:19.17	1.2	09	-2.46	2.03	0.82	2.89	6.16	3.41	-1.00	-1.00	-1.0	-1.0
5085343.57	659478.86	352.15	11/07/2025	12:07:19.62	1.2	09	-4.20	2.01	1.64	2.79	6.36	3.38	-1.00	-1.00	-1.0	-1.0
5085343.01	659478.74	352.10	11/07/2025	12:07:20.14	1.2	09	-3.46	1.98	0.53	2.83	6.13	3.39	-1.00	-1.00	-1.0	-1.0
5085342.45	659478.63	352.05	11/07/2025	12:07:20.67	1.2	09	-0.75	1.96	0.74	2.80	6.16	3.37	-1.00	-1.00	-1.0	-1.0
5085341.89	659478.51	352.00	11/07/2025	12:07:21.11	1.2	08	-4.65	2.00	1.07	2.77	5.95	3.37	-1.00	-1.00	-1.0	-1.0
5085341.43	659478.40	352.00	11/07/2025	12:07:21.64	1.2	08	-1.95	1.98	0.68	2.80	5.66	3.39	-1.00	-1.00	-1.0	-1.0
5085340.96	659478.28	352.00	11/07/2025	12:07:22.17	1.2	09	-12.13	2.04	0.92	2.83	5.69	3.43	-1.00	-1.00	-1.0	-1.0
5085340.40	659478.10	352.00	11/07/2025	12:07:22.62	1.2	09	-1.88	2.03	0.49	2.84	5.73	3.41	-1.00	-1.00	-1.0	-1.0
5085339.84	659477.92	352.00	11/07/2025	12:07:23.14	1.2	09	-6.30	2.03	0.66	2.84	5.34	3.47	-1.00	-1.00	-1.0	-1.0
5085339.28	659477.80	351.95	11/07/2025	12:07:23.66	1.2	09	-1.66	1.98	0.14	2.84	5.24	3.42	-1.00	-1.00	-1.0	-1.0
5085338.72	659477.69	351.90	11/07/2025	12:07:24.12	1.2	09	-3.10	2.02	0.60	2.83	5.68	3.43	-1.00	-1.00	-1.0	-1.0
5085338.16	659477.57	351.85	11/07/2025	12:07:24.64	1.2	09	-7.21	2.07	-0.07	2.87	5.28	3.45	-1.00	-1.00	-1.0	-1.0
5085337.60	659477.46	351.80	11/07/2025	12:07:25.16	1.2	09	-3.87	2.00	0.07	2.86	5.13	3.47	-1.00	-1.00	-1.0	-1.0
5085337.04	659477.28	351.80	11/07/2025	12:07:25.61	1.2	09	-8.62	2.04	-0.19	2.85	4.74	3.50	-1.00	-1.00	-1.0	-1.0
5085336.48	659477.10	351.80	11/07/2025	12:07:26.14	1.2	09	-1.55	1.97	-0.34	2.85	4.60	3.47	-1.00	-1.00	-1.0	-1.0
5085335.92	659476.99	351.75	11/07/2025	12:07:26.66	1.2	09	-9.21	2.03	-0.38	2.90	4.44	3.56	-1.00	-1.00	-1.0	-1.0
5085335.37	659476.87	351.70	11/07/2025	12:07:27.11	1.2	09	-2.73	2.04	-0.35	2.88	4.69	3.49	-1.00	-1.00	-1.0	-1.0
5085334.81	659476.76	351.70	11/07/2025	12:07:27.64	1.2	09	-6.30	2.04	0.29	2.87	4.83	3.50	-1.00	-1.00	-1.0	-1.0
5085334.25	659476.64	351.70	11/07/2025	12:07:28.16	1.2	09	-2.26	1.97	-0.93	2.88	4.96	3.47	-1.00	-1.00	-1.0	-1.0
5085333.69	659476.53	351.65	11/07/2025	12:07:28.61	1.2	09	-9.10	2.02	0.36	2.83	5.28	3.47	-1.00	-1.00	-1.0	-1.0
5085333.13	659476.41	351.60	11/07/2025	12:07:29.14	1.2	09	-3.05	2.01	0.47	2.87	5.48	3.47	-1.00	-1.00	-1.0	-1.0
5085332.66	659476.29	351.55	11/07/2025	12:07:29.66	1.2	09	-1.92	1.98	0.18	2.84	5.30	3.42	-1.00	-1.00	-1.0	-1.0
5085332.20	659476.18	351.50	11/07/2025	12:07:30.12	1.2	09	-1.66	1.97	0.64	2.83	5.77	3.40	-1.00	-1.00	-1.0	-1.0
5085331.64	659476.06	351.50	11/07/2025	12:07:30.64	1.2	09	-3.74	1.98	0.63	2.80	5.81	3.37	-1.00	-1.00	-1.0	-1.0
5085331.08	659475.95	351.50	11/07/2025	12:07:31.17	1.2	09	-11.81	2.00	0.94	2.76	6.05	3.32	-1.00	-1.00	-1.0	-1.0
5085330.52	659475.83	351.45	11/07/2025	12:07:31.62	1.2	09	-3.11	1.97	-0.22	2.77	5.69	3.28	-1.00	-1.00	-1.0	-1.0
5085329.96	659475.72	351.40	11/07/2025	12:07:32.14	1.2	09	-9.77	1.97	1.07	2.69	5.92	3.24	-1.00	-1.00	-1.0	-1.0
5085329.40	659475.60	351.40	11/07/2025	12:07:32.67	1.2	09	-3.00	1.98	-0.24	2.75	5.50	3.26	-1.00	-1.00	-1.0	-1.0
5085328.85	659475.49	351.40	11/07/2025	12:07:33.12	1.2	09	-11.73	1.98	0.68	2.72	5.71	3.27	-1.00	-1.00	-1.0	-1.0
5085328.29	659475.37	351.40	11/07/2025	12:07:33.64	1.2	09	-3.86	1.97	-0.10	2.77	5.80	3.27	-1.00	-1.00	-1.0	-1.0
5085327.73	659475.26	351.40	11/07/2025	12:07:34.17	1.2	09	-14.36	2.05	0.53	2.76	5.89	3.28	-1.00	-1.00	-1.0	-1.0
5085327.17	659475.14	351.35	11/07/2025	12:07:34.62	1.2	09	-1.73	1.96	0.99	2.73	6.18	3.27	-1.00	-1.00	-1.0	-1.0
5085326.61	659475.03	351.30	11/07/2025	12:07:35.14	1.2	09	-4.96	2.03	0.77	2.76	6.07	3.28	-1.00	-1.00	-1.0	-1.0
5085326.05	659474.91	351.25	11/07/2025	12:07:35.59	1.2	09	-10.33	2.08	1.01	2.77	6.31	3.25	-1.00	-1.00	-1.0	-1.0
5085325.49	659474.80	351.20	11/07/2025	12:07:36.12	1.2	09	-7.18	2.04	0.32	2.78	6.03	3.26	-1.00	-1.00	-1.0	-1.0
5085324.93	659474.68	351.20	11/07/2025	12:07:36.64	1.2	09	-14.75	2.01	0.52	2.78	6.15	3.32	-1.00	-1.00	-1.0	-1.0
5085324.37	659474.57	351.20	11/07/2025	12:07:37.09	1.2	09	-4.37	2.00	0.41	2.78	5.96	3.28	-1.00	-1.00	-1.0	-1.0
5085323.82	659474.52	351.20	11/07/2025	12:07:37.62	1.2	09	-5.74	1.99	1.12	2.70	5.74	3.30	-1.00	-1.00	-1.0	-1.0
5085323.26	659474.47	351.20	11/07/2025	12:07:38.14	1.2	09	-2.38	1.88	-0.11	2.70	5.73	3.23	-1.00	-1.00	-1.0	-1.0
5085322.70	659474.35	351.15	11/07/2025	12:07:38.59	1.2	09	-11.41	2.04	0.01	2.80	5.55	3.33	-1.00	-1.00	-1.0	-1.0
5085322.14	659474.24	351.10	11/07/2025	12:07:39.12	1.2	09	-2.49	1.98	-0.14	2.81	5.57	3.30	-1.00	-1.00	-1.0	-1.0
5085321.68	659474.12	351.10	11/07/2025	12:07:39.64	1.2	09	-2.87	1.99	-0.38	2.79	5.44	3.33	-1.00	-1.00	-1.0	-1.0
5085321.21	659474.00	351.10	11/07/2025	12:07:40.09	1.2	09	-3.35	1.94	-0.03	2.79	5.62	3.29	-1.00	-1.00	-1.0	-1.0
5085320.75	659473.95	351.10	11/07/2025	12:07:40.62	1.2	09	-1.20	1.97	-0.36	2.84	5.45	3.31	-1.00	-1.00	-1.0	-1.0
5085320.28	659473.90	351.10	11/07/2025	12:07:41.14	1.2	09	-1.16	2.00	0.72	2.75	5.28	3.30	-1.00	-1.00	-1.0	-1.0
5085320.19	659473.83	351.05	11/07/2025	12:07:41.59	1.2	09	-0.63	2.07	0.65	2.79	5.51	3.30	-1.00	-1.00	-1.0	-1.0
5085320.09	659473.77	351.00	11/07/2025	12:07:42.11	1.2	09	-1.43	2.08	0.60	2.81	5.50	3.30	-1.00	-1.00	-1.0	-1.0
5085320.18	659473.70	351.00	11/07/2025	12:07:42.64	1.2	09	-2.46	2.12	1.00	2.82	5.49	3.29	-1.00	-1.00	-1.0	-1.0
5085320.27	659473.64	351.00	11/07/2025	12:07:43.09	1.2	09	-3.75	2.09	-0.11	2.83	5.33	3.30	-1.00	-1.00	-1.0	-1.0
5085320.36	659473.57	351.00	11/07/2025	12:07:43.61	1.2	09	-9.70	2.09	-1.65	2.83	5.42	3.20	-1.00	-1.00	-1.0	-1.0
5085320.46	659473.50	351.00	11/07/2025	12:07:44.14	1.2	09	-5.17	2.14	-1.18	2.82	5.62	3.31	-1.00	-1.00	-1.0	-1.0
5085320.83	659473.56	351.00	11/07/2025	12:07:44.59	1.2	09	-5.10	2.17	0.45	2.81	5.17	3.28	-1.00	-1.00	-1.0	-1.0
5085321.20	659473.61	351.00	11/07/2025	12:07:45.11	1.2	09	-3.63	2.11	0.62	2.84	4.98	3.37	-1.00	-1.00	-1.0	-1.0
5085321.57	659473.73	351.00	11/07/2025	12:07:45.64	1.2	09	-7.50	2.02	-0.29	2.82	5.02	3.35	-1.00	-1.00	-1.0	-1.0
5085321.95	659473.85	351.00	11/07/2025	12:07:46.09	1.2	09	-3.58	2.07	-0.32	2.87	5.22	3.38	-1.00	-1.00	-1.0	-1.0
5085322.41	659474.03	351.00	11/07/2025	12:07:46.61	1.2	09	-3.20	2.19	0.38	2.86	5.07	3.36	-1.00	-1.00	-1.0	-1.0
5085322.88	659474.22	351.00	11/07/2025	12:07:47.14	1.2	09	-4.81	2.16	0.68	2.85	5.23	3.37	-1.00	-1.00	-1.0	-1.0
5085323.35	659474.33	350.95	11/07/2025	12:07:47.59	1.2	09	-2.75	2.06	-0.38	2.84	5.49	3.33	-1.00	-1.00	-1.0	-1.0
5085323.82	659474.45	350.90	11/07/2025	12:07:48.11	1.2	09	-3.56	2.08	0.09	2.81	5.48	3.34	-1.00	-1.00	-1.0	-1.0
5085324.28	659474.63	350.95	11/07/2025	12:07:48.64	1.2	09	-5.78	2.11	-0.10	2.83	5.70	3.33	-1.00	-1.00	-1.0	-1.0
5085324.75	659474.82	351.00	11/07/2025	12:07:49.09	1.2	08	-1.81	2.03	0.67	2.77	5.89	3.30	-1.00	-1.00	-1.0	-1.0
5085325.31	659474.93	351.05	11/07/2025	12:07:49.61	1.2	08	-6.10	2.05	0.41	2.81	5.84	3.34	-1.00	-1.00	-1.0	-1.0
5085325.87	659475.05	351.10	11/07/2025	12:07:50.14	1.2	09	-1.37	2.06	-0.10	2.80	5.76	3.31	-1.00	-1.00	-1.0	-1.0
5085326.43	659475.22	351.15	11/07/2025	12:07:50.59	1.2	09	-6.57	2.10	0.78	2.81	5.81	3.34	-1.00	-1.00	-1.0	-1.0
5085326.99	659475.40	351.20	11/07/2025	12:07:51.12	1.2	09	-4.07	2.12	-0.39	2.86	5.52	3.31	-1.00	-1.00	-1.0	-1.0
5085327.46	659475.52	351.20	11/07/2025	12:07:51.64	1.2	09	-6.88	2.10	-0.02	2.80	5.52	3.28	-1.00	-1.00	-1.0	-1.0
5085327.92	659475.64	351.20	11/07/2025	12:07:52.09	1.2	08	-6.87	2.10	-0.62	2.86	5.25	3.34	-1.00	-1.00	-1.0	-1.0
5085328.48	659475.82	351.30	11/07/2025	12:07:52.61	1.2	08	-1.78	2.08	0.16	2.79	5.54	3.30	-1.00	-1.00	-1.0	-1.0
5085329.04	659476.00	351.40	11/07/2025	12:07:53.14	1.2	08	-8.01	2.10	0.29	2.79	5.21	3.33	-1.00	-1.00	-1.0	-1.0
5085329.60	659476.18	351.45	11/07/2025	12:07:53.59	1.2	08	-2.21	2.04	-0.66	2.81	5.32	3.28	-1.00	-1.00	-1.0	-1.0
5085330.16	659476.36	351.50	11/07/2025	12:07:54.11	1.2	09	-6.94	2.07	0.00	2.79	5.14	3.26	-1.00	-1.00	-1.0	-1.0
5085330.63	659476.60	351.50	11/07/2025	12:07:54.64	1.2	09	-4.94	2.09	-1.11	2.84	5.15	3.29	-1.00	-1.00	-1.0	-1.0
5085331.10	659476.85	351.50	11/07/2025	12:07:55.09	1.1	09	-3.77	2.07	-0.30	2.80	5.07	3.33	-1.00	-1.00	-1.0	-1.0
5085331.66	659476.97	351.55	11/07/2025	12:07:55.62	1.1	09	-14.17	2.14	-0.23	2.86	4.85	3.46	-1.00	-1.00	-1.0	-1.0
5085332.22	659477.08	351.60	11/07/2025	12:07:56.14	1.1	09	-3.53	2.06	-0.32	2.88	4.85	3.47	-1.00	-1.00	-1.0	-1.0
5085332.78	659477.20	351.60	11/07/2025	12:07:56.59	1.1	09	-11.75	2.13	-0.32	2.92	4.60	3.53	-1.00	-1.00	-1.0	-1.0
5085333.34	659477.31	351.60	11/07/2025	12:07:57.11	1.1	09	-4.59	2.11	-0.86	2.93	4.57	3.53	-1.00	-1.00	-1.0	-1.0
5085333.90	659477.49	351.65	11/07/2025	12:07:57.64	1.1	09	-8.05	2.11	-0.57	2.92	4.68	3.53	-1.00	-1.00	-1.0	-1.0
5085334.46	659477.67	351.70	11/07/2025	12:07:58.09	1.1	09	-6.84	2.12	-1.34	2.97	4.70	3.49	-1.00	-1.00	-1.0	-1.0
5085335.02	659477.85	351.75	11/07/2025	12:07:58.61	1.1	09	-4.97	2.08	-0.31	2.88	5.07	3.47	-1.00	-1.00	-1.0	-1.0
5085335.58	659478.03	351.80	11/07/2025	12:07:59.14	1.1	09	-15.21	2.13	-0.15	2.88	5.20	3.45	-1.00	-1.00	-1.0	-1.0
5085336.14	659478.14	351.80	11/07/2025	12:07:59.59	1.1	09	-2.48	2.11	0.38	2.86	5.26	3.48	-1.00	-1.00	-1.0	-1.0
5085336.70	659478.26	351.80	11/07/2025	12:08:00.11	1.1	09	-8.70	2.11	0.25	2.91	5.28	3.52	-1.00	-1.00	-1.0	-1.0
5085337.26	659478.44	351.80	11/07/2025	12:08:00.64	1.1	09	-3.55	2.08	-0.30	2.92	5.34	3.53	-1.00	-1.00	-1.0	-1.0
5085337.82	659478.62	351.80	11/07/2025	12:08:01.09	1.1	09	-7.74	2.09	0.04	2.89	5.72	3.51	-1.00	-1.00	-1.0	-1.0
5085338.38	659478.73	351.80	11/07/2025	12:08:01.61	1.1	09	-5.96	2.13	-0.08	2.94	5.54	3.50	-1.00	-1.00	-1.0	-1.0
5085338.94	659478.85	351.80	11/07/2025	12:08:02.14	1.1	09	-3.39	2.12	0.30	2.89	5.74	3.44	-1.00	-1.00	-1.0	-1.0
5085339.50	659478.96	351.85	11/07/2025	12:08:02.59	1.1	09	-10.47	2.14	0.02	2.90	5.47	3.46	-1.00	-1.00	-1.0	-1.0
5085340.06	659479.08	351.90	11/07/2025	12:08:03.11	1.1	09	-2.71	2.09	0.46	2.88	5.69	3.44	-1.00	-1.00	-1.0	-1.0
5085340.61	659479.19	351.90	11/07/2025	12:08:03.64	1.1	09	-9.85	2.13	0.83	2.90	5.83	3.47	-1.00	-1.00	-1.0	-1.0
5085341.17	659479.31	351.90	11/07/2025	12:08:04.09	1.1	09	-3.40	2.09	0.18	2.87	5.91	3.43	-1.00	-1.00	-1.0	-1.0
5085341.73	659479.49	351.90	11/07/2025	12:08:04.61	1.1	09	-8.15	2.09	0.93	2.84	6.23	3.44	-1.00	-1.00	-1.0	-1.0
5085342.29	659479.67	351.90	11/07/2025	12:08:05.14	1.1	09	-4.58	2.11	0.65	2.89	7.29	3.47	-1.00	-1.00	-1.0	-1.0
5085342.95	659479.78	351.90	11/07/2025	12:08:05.59	1.1	09	-1.95	2.10	6.63	3.01	-14.44	2.02	-1.00	-1.00	-1.0	-1.0
5085343.60	659479.89	351.90	11/07/2025	12:08:06.11	1.1	09	113.85	2.65	-59.08	0.98	-0.50	3.30	-1.00	-1.00	-1.0	-1.0
5085344.16	659480.07	351.95	11/07/2025	12:08:06.64	1.1	09	-79.03	2.20	-40.32	1.57	-8.89	1.80	-1.00	-1.00	-1.0	-1.0
5085344.72	659480.25	352.00	11/07/2025	12:08:07.09	1.1	09	74.27	1.12	17.37	2.16	11.41	2.79	3552.47	0.29	0.0	35.8
5085345.19	659480.50	352.00	11/07/2025	12:08:07.61	1.1	09	-0.75	2.14	0.41	3.01	5.94	3.46	-1.00	-1.00	-1.0	-1.0
5085345.66	659480.74	352.00	11/07/2025	12:08:08.06	1.1	09	-10.42	2.10	0.66	2.85	5.88	3.30	-1.00	-1.00	-1.0	-1.0
5085346.22	659480.92	352.00	11/07/2025	12:08:08.59	1.1	09	-3.58	2.08	0.26	2.80	5.96	3.14	-1.00	-1.00	-1.0	-1.0
5085346.78	659481.10	352.00	11/07/2025	12:08:09.11	1.1	09	-2.71	2.07	0.48	2.71	6.18	3.05	-1.00	-1.00	-1.0	-1.0
5085347.34	659481.22	352.00	11/07/2025	12:08:09.56	1.1	09	-6.86	2.12	0.24	2.77	5.93	3.07	-1.00	-1.00	-1.0	-1.0
5085347.90	659481.33	352.00	11/07/2025	12:08:10.09	1.2	08	-2.35	2.08	0.81	2.72	5.84	3.07	-1.00	-1.00	-1.0	-1.0
5085348.46	659481.51	352.05	11/07/2025	12:08:10.61	1.2	08	-13.16	2.10	0.46	2.75	5.37	3.15	-1.00	-1.00	-1.0	-1.0
5085349.02	659481.69	352.10	11/07/2025	12:08:11.06	1.2	08	-4.27	2.04	-0.50	2.78	5.38	3.10	-1.00	-1.00	-1.0	-1.0
5085349.58	659481.81	352.10	11/07/2025	12:08:11.59	1.2	08	-7.19	2.07	0.56	2.69	5.31	3.20	-1.00	-1.00	-1.0	-1.0
5085350.13	659481.92	352.10	11/07/2025	12:08:12.11	1.2	08	-2.83	2.05	0.00	2.79	4.98	3.30	-1.00	-1.00	-1.0	-1.0
5085350.69	659482.04	352.15	11/07/2025	12:08:12.56	1.2	08	-10.58	2.13	-0.82	2.92	4.65	3.47	-1.00	-1.00	-1.0	-1.0
5085351.25	659482.15	352.20	11/07/2025	12:08:13.09	1.2	08	-10.61	2.11	-1.22	2.96	4.44	3.53	-1.00	-1.00	-1.0	-1.0
5085351.81	659482.27	352.25	11/07/2025	12:08:13.61	1.2	08	-3.86	2.08	-0.55	2.90	4.54	3.48	-1.00	-1.00	-1.0	-1.0
5085352.37	659482.38	352.30	11/07/2025	12:08:14.06	1.1	09	-8.02	2.10	0.08	2.89	4.72	3.47	-1.00	-1.00	-1.0	-1.0
5085352.93	659482.56	352.30	11/07/2025	12:08:14.59	1.1	09	-3.12	2.06	-0.79	2.90	4.84	3.45	-1.00	-1.00	-1.0	-1.0
5085353.49	659482.74	352.30	11/07/2025	12:08:15.11	1.1	09	-6.27	2.04	-0.27	2.84	4.73	3.45	-1.00	-1.00	-1.0	-1.0
5085353.96	659482.86	352.30	11/07/2025	12:08:15.56	1.1	09	-3.82	2.08	-0.88	2.94	4.78	3.48	-1.00	-1.00	-1.0	-1.0
5085354.42	659482.98	352.30	11/07/2025	12:08:16.09	1.1	09	-2.04	2.08	0.03	2.88	5.09	3.46	-1.00	-1.00	-1.0	-1.0
5085354.98	659483.09	352.35	11/07/2025	12:08:16.61	1.1	09	-4.93	2.08	-0.07	2.91	4.68	3.54	-1.00	-1.00	-1.0	-1.0
5085355.54	659483.21	352.40	11/07/2025	12:08:17.06	1.1	09	-3.06	2.04	-0.83	2.92	5.14	3.49	-1.00	-1.00	-1.0	-1.0
5085356.10	659483.26	352.35	11/07/2025	12:08:17.59	1.1	09	-17.69	2.16	0.11	2.92	5.02	3.47	-1.00	-1.00	-1.0	-1.0
5085356.66	659483.31	352.30	11/07/2025	12:08:18.11	1.1	09	-3.25	2.09	0.06	2.92	4.97	3.49	-1.00	-1.00	-1.0	-1.0
5085357.12	659483.49	352.30	11/07/2025	12:08:18.56	1.1	09	-7.86	2.07	0.17	2.84	5.37	3.44	-1.00	-1.00	-1.0	-1.0
5085357.59	659483.67	352.30	11/07/2025	12:08:19.09	1.1	09	-7.77	2.09	-0.04	2.89	5.48	3.41	-1.00	-1.00	-1.0	-1.0
5085358.15	659483.79	352.30	11/07/2025	12:08:19.61	1.1	09	-2.07	2.07	0.69	2.86	5.73	3.42	-1.00	-1.00	-1.0	-1.0
5085358.71	659483.90	352.30	11/07/2025	12:08:20.06	1.1	09	-6.38	2.02	0.94	2.85	5.85	3.43	-1.00	-1.00	-1.0	-1.0
5085359.18	659484.02	352.35	11/07/2025	12:08:20.59	1.1	09	-2.66	2.08	-0.04	2.92	6.04	3.42	-1.00	-1.00	-1.0	-1.0
5085359.64	659484.14	352.40	11/07/2025	12:08:21.11	1.1	09	-3.94	2.14	0.91	2.90	6.02	3.45	-1.00	-1.00	-1.0	-1.0
5085360.20	659484.31	352.45	11/07/2025	12:08:21.56	1.1	09	-1.98	2.11	1.18	2.89	6.18	3.41	-1.00	-1.00	-1.0	-1.0
5085360.76	659484.49	352.50	11/07/2025	12:08:22.09	1.1	09	-4.12	2.05	0.85	2.85	6.45	3.39	-1.00	-1.00	-1.0	-1.0
5085361.32	659484.61	352.50	11/07/2025	12:08:22.61	1.1	09	-3.61	2.02	0.25	2.88	6.42	3.40	-1.00	-1.00	-1.0	-1.0
5085361.88	659484.72	352.50	11/07/2025	12:08:23.06	1.1	09	-0.91	2.04	0.78	2.87	6.79	3.39	-1.00	-1.00	-1.0	-1.0
5085362.35	659484.91	352.50	11/07/2025	12:08:23.59	1.1	09	-5.96	2.09	1.83	2.87	6.94	3.44	-1.00	-1.00	-1.0	-1.0
5085362.82	659485.09	352.50	11/07/2025	12:08:24.11	1.1	09	-1.39	2.06	1.65	2.86	7.43	3.40	-1.00	-1.00	-1.0	-1.0
5085363.38	659485.20	352.50	11/07/2025	12:08:24.56	1.1	09	-10.29	2.08	2.19	2.85	6.91	3.42	-1.00	-1.00	-1.0	-1.0
5085363.93	659485.32	352.50	11/07/2025	12:08:25.09	1.1	09	3.03	2.03	2.09	2.85	7.06	3.38	1.29	14.83	0.8	40.2
5085364.40	659485.44	352.50	11/07/2025	12:08:25.61	1.1	09	-2.51	2.06	1.56	2.85	7.22	3.40	-1.00	-1.00	-1.0	-1.0
5085364.87	659485.55	352.50	11/07/2025	12:08:26.06	1.1	09	-6.29	2.06	1.25	2.87	6.97	3.41	-1.00	-1.00	-1.0	-1.0
5085365.43	659485.73	352.50	11/07/2025	12:08:26.59	1.1	09	-0.91	1.99	1.85	2.80	7.24	3.35	-1.00	-1.00	-1.0	-1.0
5085365.99	659485.91	352.50	11/07/2025	12:08:27.11	1.1	09	-6.63	2.02	2.46	2.81	7.47	3.39	-1.00	-1.00	-1.0	-1.0
5085366.55	659486.03	352.50	11/07/2025	12:08:27.56	1.1	09	-1.33	2.04	1.73	2.85	7.86	3.41	-1.00	-1.00	-1.0	-1.0
5085367.11	659486.14	352.50	11/07/2025	12:08:28.09	1.2	08	-5.84	2.07	2.22	2.88	7.49	3.42	-1.00	-1.00	-1.0	-1.0
5085367.57	659486.32	352.50	11/07/2025	12:08:28.61	1.2	08	-0.38	2.08	1.09	2.88	7.49	3.36	-1.00	-1.00	-1.0	-1.0
5085368.04	659486.51	352.50	11/07/2025	12:08:29.06	1.2	08	-4.12	2.02	1.70	2.80	7.70	3.34	-1.00	-1.00	-1.0	-1.0
5085368.60	659486.69	352.50	11/07/2025	12:08:29.59	1.2	08	-7.39	2.02	1.59	2.79	7.50	3.33	-1.00	-1.00	-1.0	-1.0
5085369.16	659486.87	352.50	11/07/2025	12:08:30.11	1.2	08	-4.59	2.06	1.94	2.78	7.48	3.30	-1.00	-1.00	-1.0	-1.0
5085369.63	659486.98	352.50	11/07/2025	12:08:30.56	1.2	08	-5.40	2.06	2.21	2.78	7.48	3.33	-1.00	-1.00	-1.0	-1.0
5085370.09	659487.10	352.50	11/07/2025	12:08:31.09	1.2	08	-1.96	2.04	1.68	2.77	7.40	3.31	-1.00	-1.00	-1.0	-1.0
5085370.65	659487.15	352.65	11/07/2025	12:08:31.61	1.2	08	-2.57	2.03	1.47	2.79	7.33	3.33	-1.00	-1.00	-1.0	-1.0
5085371.21	659487.20	352.80	11/07/2025	12:08:32.06	1.2	08	-8.32	2.05	1.46	2.83	7.60	3.38	-1.00	-1.00	-1.0	-1.0
5085371.58	659487.32	352.85	11/07/2025	12:08:32.59	1.2	08	0.16	2.02	1.44	2.81	8.02	3.34	-1.00	-1.00	-1.0	-1.0
5085371.96	659487.44	352.90	11/07/2025	12:08:33.11	1.2	08	-0.31	2.01	3.30	2.78	8.49	3.37	-1.00	-1.00	-1.0	-1.0
5085372.24	659487.56	352.85	11/07/2025	12:08:33.56	1.2	08	1.68	2.01	2.76	2.82	6.68	3.29	0.11	71.36	2.4	15.4
5085372.52	659487.68	352.80	11/07/2025	12:08:34.09	1.2	08	1.57	2.00	-0.53	2.88	5.83	3.40	-1.00	-1.00	-1.0	-1.0
5085372.71	659487.81	352.85	11/07/2025	12:08:34.61	1.2	08	6.07	1.99	-2.77	2.85	6.72	3.44	-1.00	-1.00	-1.0	-1.0
5085372.90	659487.93	352.90	11/07/2025	12:08:35.06	1.2	08	4.10	2.04	-1.77	2.85	5.65	3.27	-1.00	-1.00	-1.0	-1.0
