x [m],y [m],Cond.1 [mS/m],Inph.1 [ppt],Cond.2 [mS/m],Inph.2 [ppt],Cond.3 [mS/m],Inph.3 [ppt],Inv.Cond.1 [mS/m],Inv.Cond.2 [mS/m],Inv.Thick [m],Inv.RMS [%],Note
0,0,18.59,2.11,15.54,4.4,22.92,6.5,10.01,23.3,1.3,10.4,
0,0,18.73,2.12,15.3,4.48,23.54,7.34,9.29,24.23,1.6,13,
0,0,18.72,2.13,15.62,4.37,23.49,6.85,9.27,24.17,1.6,13.8,
0,0,19.05,2.14,16.09,4.47,24.15,6.65,9.54,24.85,1.6,14,
0,0,18.99,2.13,16.02,4.41,24.02,6.66,9.48,24.72,1.6,14,
0,0,18.93,2.12,15.85,4.33,23.57,6.34,10.3,23.96,1.3,10.2,
0,0,18.52,2.12,15.34,4.42,22.68,6.53,9.91,23.05,1.3,10.7,
0,0,18.87,2.11,15.83,4.41,23.28,7.21,10.17,23.66,1.3,10.2,
0,0,18.43,2.11,15.36,4.39,20.43,9.25,12.87,19.22,1,9.3,
0,0,18.5,2.1,15.77,4.36,25.63,5.98,7.64,31.76,2,11.9,
0,0,18.66,2.1,15.58,4.4,22.12,6.91,13.66,25.18,2.7,12.5,
0,0,18.35,2.11,15.48,4.35,23.59,7.2,9.31,24.28,1.6,14,
0,0,18.47,2.13,15.74,4.46,23.2,7.07,10.13,23.58,1.3,9.7,
0,0,18.45,2.14,16.05,4.49,23.61,6.55,10.31,24,1.3,10,
0,0,18.9,2.13,17.1,4.5,26.44,6.53,7.89,32.76,2,11.7,
0,0,19.3,2.17,17.69,4.53,27.13,7.22,8.09,33.62,2,11.9,
0,0,18.7,2.24,16.63,4.49,25.72,7.18,7.67,31.87,2,12,
0,0,19,2.31,17.22,4.58,26.99,7.13,8.05,33.44,2,11.3,
0,0,19.42,2.35,17.21,4.61,25.76,6.85,10.17,26.51,1.6,16,
0,0,19.19,2.3,17.15,4.57,24.93,6.74,10.89,25.34,1.3,10.3,
0,0,19.72,2.22,17.65,4.55,25.84,6.97,11.29,26.27,1.3,11.1,
0,0,20.31,2.24,19.08,4.62,27.87,7.28,9.95,38.75,2.5,8.9,
0,0,20.43,2.41,19.26,4.71,28.74,7.23,10.52,61.59,3.8,9,
0,0,23.62,2.83,19.87,4.92,29.51,7.43,14.76,44.27,3.2,10.8,
0,0,26.73,2.88,22.31,5.05,30.9,7.85,19.4,34.12,2.4,12.1,
0,0,27.13,2.66,22.13,4.91,30.43,7.36,19.11,33.6,2.4,11.5,
0,0,26.83,2.47,21.91,4.72,29.7,7.02,18.65,32.79,2.4,12.5,
0,0,27.12,2.45,21.95,4.66,28.72,7.11,19.75,31.11,2.1,10.2,
0,0,27.41,2.49,21.83,4.58,29.2,6.84,18.34,32.24,2.4,14.3,
0,0,27.55,2.56,21.79,4.56,28.4,6.67,30.42,23.26,0.6,11.2,
0,0,28.96,2.64,23.16,4.62,28.37,7,30.39,23.24,0.6,10.5,
0,0,30.82,2.65,25.76,4.71,31.01,7.35,29.44,26.58,1.1,10.1,
0,0,31.18,2.64,26.48,4.56,31,6.53,30.45,27.22,1.5,6.1,
0,0,31.44,2.61,27.76,4.57,32.99,6.97,31.32,28.28,1.1,11.6,
0,0,31.12,2.54,28.15,4.45,33.5,6.88,23.03,36.29,2.1,9.1,
0,0,29.28,2.5,25.68,4.19,30.1,6.28,29.56,26.43,1.5,7.1,
0,0,29.58,2.43,26.88,4.13,32.7,6.59,22.48,35.42,2.1,7.7,
0,0,29.74,2.37,27.25,4.11,33.52,6.99,23.05,36.31,2.1,6.9,
0,0,28.8,2.28,26.77,4.02,32.43,6.52,22.3,35.13,2.1,7.6,
0,0,25.17,2.07,22.43,3.57,25.8,5.49,27.53,22.11,0.6,6.1,
0,0,26.07,2,24.6,3.65,28.1,5.65,20.77,31.87,3,4.8,
0,0,26.97,2.02,26.36,3.77,30.97,6.04,22.86,35.21,2.3,4.9,
0,0,27.36,2.02,27.56,3.63,32.22,6.18,23.78,36.63,2.3,5.3,
0,0,27.92,2.12,28.2,3.61,33.81,6.14,17.91,53.94,3.3,6.8,
0,0,28.68,2.2,28.8,3.69,34.55,6.28,18.3,55.12,3.3,7.1,
0,0,29.17,2.17,30.11,3.8,35.07,6.42,20.35,60.95,3.6,3,
0,0,29.39,2.19,30.01,3.92,35.26,6.68,20.46,61.29,3.6,3.4,
0,0,28.95,2.26,30.29,3.96,36.42,6.63,19.29,58.1,3.3,5.9,
0,0,28.24,2.37,29.76,4,35.8,6.66,18.97,57.11,3.3,6.1,
0,0,25.98,2.46,26.72,3.83,31.84,5.87,16.87,50.79,3.3,6.9,
0,0,23.67,2.39,24.95,3.55,30.2,5.43,16,48.18,3.3,6.4,
0,0,24.24,2.21,26.03,3.43,32.37,5.92,12.14,66.47,3.4,4.4,
0,0,24.24,2.04,26.71,3.38,33.58,5.95,12.59,68.96,3.4,2.6,
0,0,23.17,1.99,25.86,3.32,32.8,5.81,12.3,67.36,3.4,2.5,
0,0,22.84,2,26.17,3.27,33.38,5.63,12.52,68.55,3.4,3.7,
0,0,21.14,2.07,24.24,3.15,31.16,5.31,11.69,63.99,3.4,4.6,
0,0,19.41,2.14,21.59,3.04,27.44,4.89,9.68,40.46,2.5,3.2,
0,0,20.25,2.01,22.54,2.98,28.68,4.96,10.12,42.28,2.5,3.5,
0,0,21.44,2.02,23.41,3.55,30.01,7.15,11.25,61.63,3.4,3.6,
0,0,21.29,1.89,23.63,3.02,30.03,5.37,11.26,61.67,3.4,3.1,
0,0,20.66,1.81,23.25,2.91,29.52,5.06,11.07,60.62,3.4,3.5,
0,0,20.53,1.89,22.95,2.91,28.97,4.95,10.86,59.49,3.4,3.1,
0,0,20.31,2.01,22.16,2.94,28.17,4.93,9.94,41.53,2.5,3.8,
0,0,19.93,2.03,21.8,2.87,27.67,4.89,9.76,40.8,2.5,3.7,
0,0,20.34,1.99,21.79,2.91,28.08,5.1,9.91,41.4,2.5,4.4,
0,0,20.08,1.95,21.24,2.95,27.15,5.31,9.58,40.03,2.5,4.6,
0,0,19.39,1.92,20.38,2.77,25.12,4.7,12.87,36.61,3.1,6,
0,0,19.62,2.05,19.92,2.89,24.55,4.67,12.58,35.78,3.1,5,
0,0,19.75,2.23,19.17,3.01,23.37,4.56,14.72,21.99,1,9,
0,0,18.49,2.18,17.89,2.93,21.26,4.52,13.4,20,1,9.4,
0,0,17.97,2.01,18.6,2.77,21.58,4.59,11.33,25.38,1.8,3.3,
0,0,19.48,1.94,20.56,2.9,25.56,5.1,13.1,37.26,3.1,6.2,
0,0,21.81,2.07,22.47,3.15,27.54,5.07,14.11,40.14,3.1,5.8,
0,0,23.59,2.34,23.22,3.44,28.27,6.14,14.49,41.21,3.1,7.6,
0,0,24.09,2.48,23.14,3.51,28.54,5.52,17.98,26.85,1,9.5,
0,0,23.98,2.39,23.72,3.49,29.05,5.72,15.39,46.34,3.3,7,
0,0,23.55,2.31,23.57,3.38,30.09,5.83,15.94,48,3.3,5.7,
0,0,23.81,2.27,23.71,3.41,30.3,6.12,16.05,48.34,3.3,5.5,
0,0,24.04,2.28,23.75,3.43,29.25,5.58,15.5,46.66,3.3,6.7,
0,0,24.45,2.31,23.66,3.44,28.77,4.88,19.78,31.17,2.1,9.7,
0,0,24.84,2.35,23.79,3.45,32,4.99,16,48,3.2,10.6,
0,0,24.73,2.37,23.49,3.44,29.43,5.89,15.59,46.95,3.3,6.8,
0,0,24.75,2.37,23.63,3.51,26.76,6.14,19.78,30.35,3,4.2,
0,0,24.8,2.39,23.68,3.46,28.63,5.16,18.04,26.94,1,9.3,
0,0,25.05,2.39,23.95,3.5,26.63,5.37,19.69,30.2,3,4.6,
0,0,24.96,2.4,23.53,3.53,28.89,6.41,19.86,31.3,2.1,8.8,
0,0,24.67,2.4,22.9,3.45,28.04,5.79,17.67,26.38,1,8.2,
0,0,25.07,2.4,23.44,3.48,29.26,5.39,20.12,31.7,2.1,8.5,
0,0,25.14,2.4,23.55,3.48,29.6,5.11,20.35,32.07,2.1,8.5,
0,0,25.26,2.39,23.49,3.44,28.92,5.21,19.88,31.33,2.1,8.4,
0,0,25.54,2.37,23.83,3.42,29.69,5.88,20.41,32.16,2.1,8.3,
0,0,24.67,2.27,23.33,3.32,28.44,5.47,17.92,26.76,1,8.9,
0,0,23.71,2.07,23.56,3.12,29.4,5.41,15.58,46.9,3.3,5.6,
0,0,23.32,2,23.42,3.04,29.93,5.22,15.86,47.75,3.3,5.9,
0,0,24.46,2.2,23.54,3.24,29.4,5.49,15.58,46.9,3.3,6.6,
0,0,25.03,2.38,23.55,3.42,28.21,5.88,17.77,26.54,1,8.7,
0,0,25.45,2.46,23.78,3.54,30.51,5.36,16.16,48.67,3.3,6.8,
0,0,25.64,2.46,23.73,3.51,30.55,5.32,16.18,48.73,3.3,7.1,
0,0,25.59,2.44,23.79,3.52,30.41,6.94,16.11,48.51,3.3,7,
0,0,25.52,2.43,23.94,3.48,29.25,5.94,20.11,31.69,2.1,8.6,
0,0,25.62,2.44,23.9,3.5,30.6,5.61,16.21,48.81,3.3,6.8,
0,0,25.37,2.44,23.46,3.46,29.59,5.87,20.34,32.06,2.1,8.2,
0,0,25.31,2.44,23.68,3.51,29.16,5.62,20.05,31.59,2.1,8.5,
0,0,25.3,2.42,23.41,3.42,29.08,5.46,19.99,31.5,2.1,8.2,
0,0,25.52,2.42,23.8,3.52,29.49,6,20.27,31.95,2.1,8.3,
0,0,24.92,2.38,23.59,3.51,28.6,5.75,18.02,26.91,1,9,
0,0,25.02,2.33,23.83,3.49,29.56,6.06,20.32,32.02,2.1,9,
0,0,24.13,2.24,23.41,3.3,29.45,5.56,15.6,46.98,3.3,5.8,
0,0,24.01,2.17,23.55,3.22,29.19,5.14,15.46,46.57,3.3,6.5,
0,0,23.5,2.07,23.41,3.14,28.62,5.03,14.67,41.72,3.1,7,
0,0,23.03,2,23.31,3.13,29.45,4.78,15.6,46.98,3.3,5.5,
0,0,22.61,2.07,22.31,3.2,28.1,5.07,14.4,40.96,3.1,5.4,
0,0,21.53,2.13,21.27,3.23,26.21,4.8,13.43,38.2,3.1,6.3,
0,0,20.12,2.05,20.16,2.95,14.21,7.59,30.2,1.07,2.2,6.2,
0,0,18.79,2,19.07,2.81,20.27,7.6,15.02,20.91,2.7,6,
0,0,16.27,1.77,18.33,2.47,33.63,8.56,1.2,164.95,5.1,10.3,
0,0,15.21,1.57,17.91,2.31,22.41,4.46,7.91,33.04,2.5,4,
0,0,13.94,1.42,17.08,2.2,22.71,3.52,4.39,38.06,2.5,3.1,
0,0,14.49,1.66,16.72,2.49,17.16,3.93,14.14,16.28,1.5,4.8,
0,0,15.64,1.92,16.98,2.8,15.86,5.46,17.68,10.34,3.2,6.4,
0,0,14.15,1.78,16.31,2.58,20.03,4.98,7.48,31.94,3.1,3.8,
0,0,9,1.2,14.57,1.84,16.07,2.85,1.14,21.05,1.5,8,
0,0,8.83,1.06,14.49,1.71,16.22,3.28,1.15,21.25,1.5,8.4,
0,0,11.24,1.35,14.61,2.17,17.38,3.19,3.61,27.1,2.5,2.7,
0,0,12.68,1.54,14.92,2.4,18.71,3.35,6.99,29.84,3.1,4.2,
0,0,13.05,1.63,14.76,2.54,17.84,3.94,6.66,28.45,3.1,4.7,
0,0,13.82,1.73,14.75,2.75,17.61,4.4,9.19,25.06,3.4,6.4,
0,0,13.39,1.64,14.6,2.47,17.39,3.92,9.07,24.74,3.4,7,
0,0,12.5,1.52,14.07,2.34,17.31,4.02,6.47,27.6,3.1,3.5,
0,0,12.52,1.57,13.72,2.42,16.98,4.11,6.34,27.08,3.1,3.9,
0,0,12.67,1.58,13.52,2.46,16.7,3.91,8.71,23.76,3.4,6.2,
0,0,13.17,1.65,13.96,2.59,16.79,4.31,8.76,23.89,3.4,5.9,
0,0,13.34,1.73,14.03,2.66,16.33,4.17,8.81,18.2,1.9,2.3,
0,0,12.61,1.76,13.3,2.65,15.37,4.02,8.29,17.13,1.9,2.6,
0,0,11.16,1.7,12.64,2.53,15.08,4.05,5.63,24.05,3.1,5.8,
0,0,9.84,1.69,12.17,2.53,14.8,4.19,3.07,23.08,2.5,3.6,
0,0,10.52,1.73,12.44,2.6,14.87,4.15,5.55,23.71,3.1,4.5,
0,0,10.64,1.76,12.49,2.66,14.32,4.16,2.64,14.98,0.9,5.3,
0,0,11.58,1.83,12.32,2.78,14.32,4.17,4.91,13.66,0.6,3.8,
0,0,12,1.95,12.04,2.91,13.63,4.18,10.38,13.57,3,3.5,
0,0,12.44,2.06,11.98,2.99,13.6,4.48,10.36,13.54,3,4,
0,0,10.32,1.8,11.75,2.56,13.58,3.83,4.66,12.95,0.6,4.2,
0,0,7.18,1.55,10.66,2.3,13.01,3.64,0.98,19.27,2.1,4.2,
0,0,8.77,1.62,11.16,2.53,13.4,4.04,2.92,19.85,2.5,3.3,
0,0,9.23,1.68,11.16,2.53,12.86,3.68,2.37,13.45,0.9,3.7,
0,0,10.3,1.83,10.76,2.73,12.25,3.85,4.2,11.68,0.6,3.4,
0,0,12.29,2,11.57,2.93,12.89,4.17,19.52,10.46,0.2,6.3,
0,0,9.74,1.75,10.88,2.56,12.52,3.81,4.29,11.94,0.6,2.8,
0,0,7.79,1.57,10.58,2.46,11.94,3.8,1.3,13.59,1.1,5.3,
0,0,8.24,1.61,10.75,2.54,12.25,3.83,2.25,12.81,0.9,4.4,
0,0,8.2,1.72,10.19,2.61,11.93,3.89,2.2,12.48,0.9,4.5,
0,0,9.86,1.97,10.65,2.9,11.93,4.06,4.09,11.38,0.6,2.3,
0,0,11.16,2.15,11.03,2.99,12.25,4.28,9.33,12.2,3,3.2,
0,0,7.19,1.71,10.02,2.4,12.04,3.59,0.91,17.83,2.1,5.4,
0,0,5.68,1.57,9.84,2.3,11.78,3.59,0.59,20.4,2.6,8,
0,0,7.23,1.56,9.91,2.45,11.07,3.85,1.2,12.6,1.1,5.7,
0,0,7.85,1.69,10.16,2.61,11.71,3.92,2.16,12.25,0.9,4.9,
0,0,10.67,2.08,10.46,2.93,11.76,3.92,8.95,11.71,3,2.7,
0,0,10.74,2.18,10.3,3.01,11.46,4.35,8.73,11.41,3,4.1,
0,0,6.83,1.81,9.46,2.57,10.72,3.68,1.17,12.2,1.1,5.3,
0,0,5.08,1.52,9.06,2.3,10.69,3.54,0.63,14.67,1.7,14.3,
0,0,7.49,1.43,9.95,2.23,11.25,3.28,1.22,12.8,1.1,6.3,
0,0,10.03,1.66,10.85,2.64,12.16,3.93,4.17,11.6,0.6,2.3,
0,0,10.73,1.81,10.82,2.69,12.05,3.83,9.17,12,3,2.3,
0,0,10.65,1.84,10.17,2.61,11.46,3.82,8.73,11.41,3,3.8,
0,0,8.44,1.72,9.53,2.57,10.86,3.94,3.73,10.36,0.6,2.9,
0,0,6.18,1.37,8.93,2.19,10.64,3.31,0.8,15.76,2.1,5.5,
0,0,7.25,1.35,9.55,2.15,10.79,3.16,1.99,11.29,0.9,4.7,
0,0,6.91,1.52,9.27,2.37,10.68,3.23,1.16,12.15,1.1,6.4,
0,0,7.18,1.58,9.28,2.39,11.13,3.48,2.42,16.48,2.5,2.7,
0,0,8.4,1.66,9.58,2.47,10.64,3.64,3.65,10.15,0.6,2.3,
0,0,7.83,1.56,9.56,2.29,10.6,3.3,1.95,11.09,0.9,4.5,
0,0,6.06,1.22,9.21,1.94,11,3.03,0.83,16.29,2.1,4.9,
0,0,5.29,1.22,8.53,1.92,10.36,2.76,0.52,17.94,2.6,7.6,
0,0,5.31,1.63,8.66,2.44,10.46,3.34,0.53,18.12,2.6,7.5,
0,0,7.3,1.76,9.1,2.5,10.39,3.61,1.91,10.87,0.9,3.8,
0,0,7.75,1.82,9.47,2.54,10.73,3.7,1.98,11.22,0.9,3.6,
0,0,7.49,1.7,9.36,2.44,10.65,3.52,1.96,11.14,0.9,3.5,
0,0,5.79,1.15,9.18,1.78,10.83,3,0.82,13.5,1.4,11.1,
0,0,5.84,1.07,9.33,1.79,11.2,2.99,0.56,19.4,2.6,8.1,
0,0,4.98,1.24,7.55,1.89,8.39,2.65,0.59,10.01,1.4,9,
0,0,6.68,1.36,9.2,1.97,10.41,2.91,1.13,11.85,1.1,5.7,
0,0,8.3,1.57,9.28,2.26,10.91,3.52,3.74,10.41,0.6,4.6,
0,0,9.64,1.79,9.67,2.54,10.93,3.83,8.32,10.88,3,3.2,
0,0,9.31,1.59,9.84,2.37,11.07,3.49,3.8,10.56,0.6,3.4,
0,0,7.24,1.21,9.42,1.94,10.82,3,1.18,12.31,1.1,7.3,
0,0,7.32,1.28,9.08,2.16,10.43,3.6,1.92,10.91,0.9,4,
0,0,7.21,1.35,9.08,2.23,10.66,4.05,1.96,11.15,0.9,5.8,
0,0,8.62,1.58,9.47,2.24,11.33,3.12,6.26,12.89,2.7,7.4,
0,0,10.48,1.9,9.68,2.66,10.97,3.74,16.61,8.9,0.2,6.4,
0,0,9.44,1.66,9.96,2.43,11.78,3.67,4.04,11.24,0.6,3.2,
0,0,2.53,0.84,7.86,1.46,10.47,2.62,0.26,39.68,6,31.1,
0,0,0.03,0.65,7.37,1.22,10.43,2.39,-1,-1,-1,-1,
0,0,0.5,0.95,7.46,1.5,10.37,2.54,-1,-1,-1,-1,
0,0,2.41,1.47,7.9,2.12,10.72,3.2,0.27,43.32,6.3,35,
0,0,7.05,1.97,8.62,2.73,10.54,4.03,2.29,15.61,2.5,3.6,
0,0,9.64,1.91,9.64,2.73,11.26,4.02,8.57,11.21,3,5.1,
0,0,6.71,1.27,9.45,2.06,11.54,3.12,0.87,17.09,2.1,4.2,
0,0,6.04,1.05,9.15,1.8,10.91,2.87,0.82,16.16,2.1,4.9,
0,0,7.08,1.24,9.59,1.98,11.58,2.98,2.52,17.15,2.5,2.6,
0,0,5.77,1.45,8.84,2.24,11.46,3.63,0.58,19.85,2.6,6.4,
0,0,9.44,1.85,9.83,2.7,11.61,3.79,3.98,11.07,0.6,3.7,
0,0,11.39,1.91,10.42,2.73,12.05,3.82,9.17,12,3,4.9,
0,0,9.15,1.54,10.35,2.31,12.08,3.62,4.14,11.52,0.6,4,
0,0,8.39,1.41,9.83,2.28,11.38,3.65,2.09,11.9,0.9,4.6,
0,0,8.73,1.47,10.3,2.28,11.95,3.57,2.2,12.5,0.9,4.1,
0,0,8.05,1.55,9.97,2.2,12.04,3.25,2.62,17.83,2.5,3.2,
0,0,10.96,1.86,10.91,2.66,12.28,3.78,9.35,12.23,3,2.3,
0,0,12.26,1.88,11.44,2.66,13.06,3.87,9.94,13,3,4.8,
0,0,9.58,1.54,10.77,2.25,12.28,3.55,4.21,11.71,0.6,2.3,
0,0,8.22,1.34,10.66,2.19,12.62,3.4,1.37,14.36,1.1,7.1,
0,0,8.18,1.45,10.49,2.28,12.56,3.63,2.73,18.6,2.5,2.9,
0,0,6.5,1.58,9.48,2.31,11.62,3.75,0.88,17.21,2.1,3.2,
0,0,10.27,1.97,10.47,2.86,11.69,4.11,8.9,11.64,3,2.8,
0,0,11.63,1.9,11.06,2.75,12.28,3.79,18.6,9.97,0.2,6.3,
0,0,9.82,1.56,10.97,2.44,12.9,3.93,4.43,12.3,0.6,4.5,
0,0,9.37,1.54,10.52,2.49,12.52,3.77,4.92,17.49,2.9,5.8,
0,0,7.53,1.65,10.05,2.52,12.28,3.88,2.67,18.19,2.5,2.1,
0,0,7.86,1.86,10.18,2.69,12.4,4.11,2.7,18.36,2.5,1.4,
0,0,10.56,2.15,10.97,3.1,12.79,4.7,4.39,12.2,0.6,3.9,
0,0,10.06,1.88,10.93,2.81,12.41,4.23,4.26,11.84,0.6,2.3,
0,0,4.23,1.29,9.46,2.17,11.72,3.6,0.29,38.44,4.9,17.1,
0,0,5.3,1.3,9.9,2.24,12.57,3.66,0.32,33.66,4.2,14.4,
0,0,4.48,1.45,9.48,2.33,12,4.01,0.3,39.36,4.9,17.8,
0,0,4.97,1.62,9.64,2.42,12.13,3.97,0.3,32.48,4.2,13,
0,0,9.97,1.96,10.94,2.83,13.13,4.12,7.25,14.94,2.7,7.6,
0,0,11,1.74,10.99,2.62,12.67,3.77,9.65,12.62,3,4.1,
0,0,9.05,1.35,10.66,2.22,12.49,3.52,2.3,13.06,0.9,4.5,
0,0,9.27,1.38,11.2,2.3,12.97,3.61,2.39,13.57,0.9,3.8,
0,0,8.69,1.39,11.44,2.25,13.85,3.83,3.01,20.51,2.5,2.3,
0,0,8.24,1.58,10.66,2.31,12.9,3.67,2.81,19.1,2.5,2.1,
0,0,10.5,1.87,11.53,2.67,14.15,3.95,5.56,19.77,2.9,5.2,
0,0,11.45,1.85,11.77,2.7,13.7,3.97,4.7,13.07,0.6,4.6,
0,0,9.21,1.36,11.33,2.16,13.32,3.82,2.45,13.93,0.9,5,
0,0,8.38,1.17,11.13,1.9,13.36,3.22,2.91,19.79,2.5,2.4,
0,0,7.49,1.17,10.85,1.87,13.78,3.22,1.04,20.41,2.1,4.3,
0,0,7.42,1.42,10.63,2.09,13.55,3.65,1.02,20.07,2.1,4.1,
0,0,11.68,1.92,11.9,2.73,14.32,4.26,7.91,16.3,2.7,7.3,
0,0,13.54,2,12.68,2.93,15.1,4.68,10.03,16.83,3.1,8.7,
0,0,9.6,1.46,11.85,2.25,14.85,3.93,3.08,23.15,2.5,1.7,
0,0,5.15,0.91,10.95,1.6,14.34,2.91,0.36,47.03,4.9,18.7,
0,0,4.28,1.07,10.56,1.71,14.11,3.03,0.35,55.37,5.9,22.2,
0,0,7.51,1.57,11.07,2.15,14.36,3.37,0.72,24.87,2.6,8.4,
0,0,12.73,1.95,12.42,2.64,14.69,3.91,10.89,15.15,2.7,5.6,
0,0,14.04,2.03,12.72,2.93,14.65,4.64,18.67,12.07,0.4,7.2,
0,0,10.04,1.55,11.86,2.37,14.27,3.92,5.61,19.94,2.9,4.7,
0,0,8.97,1.28,12.16,2.1,15.05,3.37,1.25,24.18,2.3,5.1,
0,0,9.57,1.58,12.25,2.48,14.86,3.99,3.08,23.17,2.5,2.6,
0,0,11.76,1.91,12.38,2.7,14.49,4.09,7.82,16.15,1.9,3.1,
0,0,13.77,2.11,13.07,3.07,15.21,5.05,11.27,15.69,2.7,4.4,
0,0,12.43,1.72,13.34,2.68,15.68,4.47,8.46,17.48,1.9,2.1,
0,0,11.05,1.42,13.36,2.33,15.66,3.88,3.06,17.18,1,4.1,
0,0,11.85,1.56,13.41,2.59,15.3,4.46,8.25,17.05,1.9,2,
0,0,13.49,1.77,13.08,2.69,15.1,4.34,11.19,15.58,2.7,3.7,
0,0,14.78,1.95,13.93,2.85,16.22,4.54,12.02,16.73,2.7,4.2,
0,0,12.81,1.68,12.96,2.6,15.01,4.39,11.12,15.48,2.7,5.3,
0,0,9.99,1.26,12.53,2.06,14.97,3.71,3.11,23.34,2.5,4.2,
0,0,5.47,1.14,11.04,2,14.13,3.77,0.35,37.83,4.2,14.5,
0,0,8.53,1.81,10.72,2.59,13.55,4.32,2.95,20.07,2.5,1,
0,0,7.84,2.15,10.17,2.73,13.31,4.24,1,19.71,2.1,5.4,
0,0,4.45,1.47,9.7,1.92,12.86,3.39,0.32,42.18,4.9,19.1,
0,0,5.48,0.78,10.51,1.29,13.08,2.84,0.33,35.02,4.2,14.4,
0,0,6.36,1.01,11.07,1.69,14.02,3.11,0.59,29.44,3.3,9.5,
0,0,8.57,1.54,10.96,2.45,13.48,3.99,2.93,19.96,2.5,1.6,
0,0,13.77,2.14,11.91,3.12,13.43,4.77,20.34,10.9,0.2,5.6,
0,0,12.53,2.28,11.38,3.21,12.49,5.43,18.92,10.14,0.2,5.1,
0,0,4.53,1.44,10.16,2.05,13.46,3.89,0.34,44.15,4.9,20.3,
0,0,4.64,1.02,10.48,1.78,13.25,3.53,0.33,43.46,4.9,17.3,
0,0,6.48,1.27,10.28,2.07,12.59,3.64,0.63,21.81,2.6,7,
0,0,9.98,1.73,10.85,2.62,12.82,4.06,4.4,12.23,0.6,3.9,
0,0,13.7,2.18,11.95,3.11,13.66,4.69,20.69,11.09,0.2,5.5,
0,0,10.36,1.98,10.73,2.8,12.49,4.56,4.28,11.91,0.6,3.9,
0,0,3.9,1.01,10,1.67,13.28,3.09,0.78,543.68,10.9,29.7,
0,0,7.74,1.31,10.62,2.23,12.9,3.96,2.81,19.1,2.5,3.3,
0,0,9.49,1.6,10.78,2.49,12.37,3.92,4.24,11.8,0.6,3.1,
0,0,11.84,1.92,10.92,2.88,11.88,4.32,17.99,9.64,0.2,5.1,
0,0,11.57,1.92,11.05,2.86,12.19,4.34,18.46,9.89,0.2,6.4,
0,0,7.48,1.29,10.85,2.08,13.3,3.69,1,19.7,2.1,3.5,
0,0,9.37,1.47,10.75,2.46,12.14,4.3,4.16,11.58,0.6,2.3,
0,0,10.26,1.6,11.07,2.57,12.73,4.19,4.37,12.14,0.6,2.7,
0,0,12.12,1.8,11.66,2.75,13.22,4.3,10.07,13.16,3,3.8,
0,0,12.53,2.03,11.41,3.06,12.61,4.78,19.1,10.23,0.2,5,
0,0,7.82,1.55,10.33,2.39,12.51,4.33,2.72,18.53,2.5,1.9,
0,0,5.61,1.27,9.71,2.19,12.12,3.99,0.51,25.45,3.3,9.4,
0,0,7.34,1.71,9.76,2.77,11.58,4.74,2.52,17.15,2.5,2.2,
0,0,10.75,1.96,10.32,3.01,11.8,4.72,8.98,11.75,3,3.4,
0,0,10.77,2.02,10.08,3.03,10.77,4.57,16.31,8.74,0.2,6.2,
0,0,6.5,1.62,8.79,2.58,9.97,4.24,1.06,10.95,1.1,5.7,
0,0,6.06,1.24,9.8,2.14,12.18,4.03,0.61,21.1,2.6,5.8,
0,0,6.61,1.58,9.85,2.58,12.48,4.38,0.63,21.62,2.6,7.2,
0,0,9.67,1.87,10.77,3.01,12.61,5.17,4.33,12.03,0.6,4,
0,0,11.47,1.84,10.72,2.9,12.6,4.87,9.59,12.55,3,4.6,
0,0,9.43,1.57,10.63,2.64,12.21,4.47,4.19,11.65,0.6,2.9,
0,0,8.35,1.37,10.34,2.39,12.21,4.2,2.25,12.77,0.9,5.1,
0,0,7.04,1.56,10.1,2.52,12.32,4.24,0.93,18.25,2.1,3.7,
0,0,8.15,1.87,10.16,2.93,12.11,4.75,4.76,16.92,2.9,5.6,
0,0,10.86,2.1,10.42,3.2,11.86,5.07,9.03,11.81,3,3.4,
0,0,8.74,1.7,10.7,2.82,12.86,4.8,5.06,17.97,2.9,5.3,
0,0,5.08,1.24,9.8,2.3,12.51,4.34,0.31,33.5,4.2,13.3,
0,0,5.5,1.35,9.62,2.39,12.75,4.38,0.53,26.78,3.3,11.4,
0,0,6.38,1.64,9.52,2.73,12.04,4.57,0.6,20.85,2.6,7,
0,0,10.87,2.02,10.79,3.16,12.39,5.04,9.43,12.34,3,3.5,
0,0,9.41,1.81,11,2.94,13.12,4.83,5.16,18.33,2.9,4.7,
0,0,5,1.3,10.03,2.42,12.99,4.44,0.33,34.78,4.2,14.7,
0,0,6.74,1.42,10.65,2.57,13.62,4.85,0.68,23.59,2.6,6.8,
0,0,6.81,1.68,10.36,2.83,13.2,5.05,0.66,22.86,2.6,6.9,
0,0,11.08,2.08,11.41,3.25,13.49,5.37,4.63,12.87,0.6,4.5,
0,0,11.24,1.98,11.54,3.15,13.75,5.33,7.59,15.65,2.7,7.5,
0,0,8.91,1.53,11.09,2.65,13.51,4.51,2.94,20.01,2.5,3.1,
0,0,10.19,1.67,11.41,2.89,13.76,4.87,5.41,19.23,2.9,5.6,
0,0,9.94,1.77,11.66,2.94,14.32,5.07,5.63,20.01,2.9,4.5,
0,0,9.29,1.8,11.3,2.92,13.78,4.93,5.42,19.25,2.9,5.5,
0,0,10.02,1.88,11.15,3.09,13.38,5.26,5.26,18.7,2.9,5.9,
0,0,8.55,1.56,11.47,2.67,14.31,4.78,3.11,21.19,2.5,3.2,
0,0,7.38,1.46,11.11,2.56,13.81,4.62,1.04,20.45,2.1,5,
0,0,7.29,1.59,11.04,2.78,13.81,4.97,0.69,23.92,2.6,7.6,
0,0,7.7,1.72,11.34,2.81,13.79,5.08,1.04,20.42,2.1,4.2,
0,0,10.42,1.91,11.58,3.09,13.85,5.39,7.65,15.76,2.7,8.3,
0,0,10.19,1.59,11.8,2.67,14.1,4.88,5.54,19.7,2.9,5.2,
0,0,8.93,1.41,11.44,2.47,13.91,4.52,3.03,20.6,2.5,2.5,
0,0,7.31,1.42,11.18,2.53,14.25,4.82,0.72,24.68,2.6,7.1,
0,0,9.43,1.74,11.87,2.77,14.51,4.86,3.01,22.62,2.5,2.8,
0,0,10.37,2.04,11.68,3.07,13.99,4.92,5.5,19.55,2.9,5.9,
0,0,8.57,1.75,11.41,2.8,13.99,5.05,3.04,20.72,2.5,2.7,
0,0,4.77,1.07,9.7,1.86,11.02,2.52,1.2,21.85,3.2,15.1,
0,0,7.3,1.43,11.18,2.61,13.65,4.64,1.03,20.22,2.1,5.5,
0,0,6.98,1.57,10.9,2.7,13.8,5.08,0.69,23.9,2.6,6.3,
0,0,8.66,1.85,11.19,2.91,14.09,5.14,3.07,20.87,2.5,1.8,
0,0,7.6,1.69,10.73,2.76,13.72,4.79,1.03,20.32,2.1,3.9,
0,0,5.29,1.17,10.45,2.17,13.41,4.18,0.34,35.9,4.2,13.7,
0,0,6.27,1.41,10.63,2.5,13.12,4.43,0.66,22.72,2.6,7.8,
0,0,7.07,1.67,10.72,2.87,13.25,5.05,1,19.62,2.1,5,
0,0,9.78,1.86,11.5,2.9,14.16,4.82,5.57,19.79,2.9,4.5,
0,0,7.08,1.73,10.51,2.76,13.06,4.72,0.98,19.34,2.1,4.2,
0,0,6.23,1.37,11.01,2.44,13.85,4.48,0.58,29.09,3.3,9,
0,0,7.41,1.51,11.04,2.57,13.75,4.49,1.04,20.36,2.1,4.6,
0,0,8.44,1.78,11.21,2.87,13.79,4.72,3,20.42,2.5,2.6,
0,0,11.65,2.06,11.97,3.11,14.17,5.09,4.86,13.52,0.6,4.9,
0,0,5.83,1.65,10.74,2.62,13.84,4.55,0.35,37.06,4.2,15.4,
0,0,1.68,1.13,9.66,2.17,13,4.1,-1,-1,-1,-1,
0,0,5.12,1.49,10.3,2.55,13.31,4.37,0.33,35.64,4.2,14.7,
0,0,5.97,1.83,10.64,2.89,13.65,4.84,0.57,28.67,3.3,10.2,
0,0,10.64,2.28,11.93,3.36,14.29,5.47,5.62,19.97,2.9,6.2,
0,0,5.46,1.95,10.6,2.88,14.28,5.01,0.36,56.51,5.8,11.9,
0,0,-6.2,0.82,7.95,1.64,13.04,3.7,-1,-1,-1,-1,
0,0,-1.93,0.99,9.24,1.85,13.65,3.83,-1,-1,-1,-1,
0,0,2.79,1.43,10.15,2.45,13.8,4.67,0.46,43.65,5.7,40.3,
0,0,9.94,1.87,11.48,2.88,14,4.82,5.51,19.56,2.9,4,
0,0,13.55,2.17,12.71,3.09,14.97,4.83,11.09,15.44,2.7,4.9,
0,0,-4.31,0.8,8.08,1.33,12.94,3.29,-1,-1,-1,-1,
0,0,-13.06,-0.22,6.24,0.29,11.94,2.2,-1,-1,-1,-1,
0,0,-5.83,0.63,7.5,1.35,12.16,3.4,-1,-1,-1,-1,
0,0,0.56,1.41,8.92,2.19,13.21,4.04,-1,-1,-1,-1,
0,0,6.07,2.02,10.15,2.8,13.69,4.38,0.46,61.51,6.1,6.5,
0,0,5.55,1.76,10.2,2.56,13.72,4.52,0.34,54.3,5.8,10.8,
0,0,-3.99,0.27,8.48,0.92,12.97,2.7,-1,-1,-1,-1,
0,0,-4.33,0.47,7.8,1.19,12.16,2.9,-1,-1,-1,-1,
0,0,2.34,1.28,9.38,2.22,12.65,4.13,0.42,42.55,6,46.9,
0,0,9.25,1.85,11.32,2.78,14.19,4.62,3.09,21.01,2.5,2.1,
0,0,9.79,2.1,11.64,3.05,14.14,4.65,5.56,19.76,2.9,4.8,
0,0,4.4,0.77,10.61,1.55,13.67,3.45,0.92,563.88,11,23,
0,0,-3.55,-0.19,8.81,0.49,13.27,2.61,-1,-1,-1,-1,
0,0,-3.89,0.32,8.7,1.02,13.02,2.83,-1,-1,-1,-1,
0,0,8.53,1.69,11.57,2.54,14.19,4.42,3.09,21.01,2.5,3.5,
0,0,8.67,2.32,11.19,3.34,14.1,5.35,3.07,20.88,2.5,1.9,
0,0,6.47,1.44,11.4,2.31,14.84,4.27,0.53,35.45,3.5,10.8,
0,0,-0.83,0.13,9.92,0.8,14.08,2.7,-1,-1,-1,-1,
0,0,1.83,0.81,10.01,1.69,13.42,3.54,-1,-1,-1,-1,
0,0,8.31,1.64,11.59,2.69,14.72,4.54,1.22,23.65,2.3,3.3,
0,0,12.74,1.89,12.72,2.95,15.23,4.93,7.95,21.67,3.4,7.9,
0,0,13.67,2.2,13.17,3.26,15.42,5.21,11.43,15.91,2.7,4.2,
0,0,7.58,1.4,11.86,2.24,15.46,4.19,0.82,29.6,2.8,7.5,
0,0,-0.75,0.3,10.21,1.04,14.96,2.97,-1,-1,-1,-1,
0,0,-3.24,0.82,9.46,1.73,14.52,3.53,-1,-1,-1,-1,
0,0,3.9,1.68,10.11,2.77,13.56,4.56,0.45,47.43,5.7,24.9,
0,0,9.56,2.3,11.88,3.46,14.88,5.48,3.09,23.2,2.5,1.5,
0,0,9.31,2.27,12.06,3.38,15.12,5.39,3.14,23.57,2.5,1.7,
0,0,1.25,1.11,10.68,1.98,14.91,4.17,-1,-1,-1,-1,
0,0,0.17,1,10.75,1.9,15.12,4.05,-1,-1,-1,-1,
0,0,4.42,1.62,11.31,2.7,14.95,4.85,0.53,432.87,9.5,28.9,
0,0,9.74,2,12.11,3.04,15.18,5.03,3.15,23.67,2.5,1.3,
0,0,11.76,2.1,13.12,3.02,15.85,4.83,5.92,25.28,3.1,5.2,
0,0,7.14,1.55,12.16,2.48,15.27,4.3,0.54,36.48,3.5,10.1,
0,0,2.92,0.82,10.93,1.61,14.45,3.43,0.86,429.35,10,44,
0,0,-0.23,1.05,10.13,1.95,14.4,3.81,-1,-1,-1,-1,
0,0,7.07,1.7,11.52,2.78,14.5,4.62,0.77,27.77,2.8,7,
0,0,14.34,2.09,13.85,3.09,16.08,4.93,11.92,16.59,2.7,3.5,
0,0,10.68,2.2,12.55,3.15,15.4,5.34,5.75,24.56,3.1,4.1,
0,0,4.75,1.17,11.82,2.07,15.17,3.99,0.63,443.91,9.6,21.8,
0,0,4.26,0.89,11.86,1.73,14.98,3.54,0.53,433.73,9.5,26.1,
0,0,4.02,1.63,11.29,2.69,15.18,4.48,0.54,50.58,5.4,30.8,
0,0,12.72,2.09,13.32,3.2,15.81,4.96,8.25,22.49,3.4,6.7,
0,0,14,2.22,13.4,3.15,15.21,5.17,11.27,15.69,2.7,4.1,
0,0,5.85,1.44,11.95,2.32,15.16,4.26,0.45,46.02,4.3,14.1,
0,0,1.39,0.26,11.2,0.98,15.2,2.84,-1,-1,-1,-1,
0,0,-3.47,0.66,9.63,1.4,14.34,3.39,-1,-1,-1,-1,
0,0,2.27,1.61,10.92,2.61,15,4.5,-1,-1,-1,-1,
0,0,14.27,2.28,13.97,3.37,16.32,5.23,12.09,16.83,2.7,4.2,
0,0,10.89,2.17,13.28,3.14,15.75,5.27,3.08,17.27,1,5.1,
0,0,2.38,1.11,11.21,2,14.94,3.9,-1,-1,-1,-1,
0,0,4.29,0.89,11.96,1.71,15.6,3.57,0.55,451.69,9.5,27.6,
0,0,0.28,1.36,10.75,2.26,15.2,4.36,-1,-1,-1,-1,
0,0,8,1.98,12.26,3.04,15.56,4.98,0.83,29.8,2.8,6.6,
0,0,15.76,2.37,14.04,3.34,15.95,5.24,20.33,13.14,0.4,5.2,
0,0,4.86,1.63,11.46,2.42,14.72,4.4,0.61,430.74,9.6,22.9,
0,0,-1.19,0.26,10.95,1.11,15.09,3.12,-1,-1,-1,-1,
0,0,4.7,1.12,12.27,1.98,15.75,3.67,0.56,456.03,9.5,27.8,
0,0,4.94,1.79,12.21,2.79,16.35,4.69,0.58,457.6,9.6,20.5,
0,0,11.61,2.23,13.67,3.31,16.45,5.31,6.14,26.23,3.1,3.7,
0,0,9.17,2.11,12.68,3.04,15.43,5.01,1.28,24.79,2.3,5.4,
0,0,-4.31,0.59,10.46,1.29,14.95,3.32,-1,-1,-1,-1,
0,0,0.55,0.64,12.23,1.43,16.76,3.28,-1,-1,-1,-1,
0,0,3.83,1.57,12.18,2.52,16.17,4.83,0.48,459.95,9.5,38.8,
0,0,7.86,2,12.5,3,15.99,4.87,0.85,30.62,2.8,6.6,
0,0,14.23,2.19,13.75,3,16.18,4.13,11.99,16.69,2.7,4.3,
0,0,8.12,1.51,13.15,2.49,16.69,4.33,0.89,31.96,2.8,6.4,
0,0,5.46,0.78,13.02,1.78,16.88,3.85,0.7,493.95,9.6,21.7,
0,0,11,1.47,14.47,2.52,17.99,4.91,3.73,28.05,2.5,1.9,
0,0,12.52,1.91,14.61,2.97,18.39,5.16,6.87,29.33,3.1,3.9,
0,0,15.61,2.11,15.16,3.23,18.22,5.28,12.1,20.31,3.1,9.3,
0,0,13.81,1.95,14.5,3.13,17.48,5.36,9.12,24.87,3.4,5.8,
0,0,10.22,1.56,13.93,2.67,17.08,4.99,3.54,26.63,2.5,2.8,
0,0,10.27,1.49,14.1,2.49,17.96,4.64,1.49,28.85,2.3,3.3,
0,0,10.26,1.72,13.86,2.72,17.58,4.76,1.46,28.24,2.3,3.7,
0,0,12.18,2.01,13.96,3.08,17.43,5.27,6.51,27.8,3.1,2.9,
0,0,13.94,2.05,14.97,3.16,17.8,5.31,9.29,25.33,3.4,6.6,
0,0,11.79,1.79,14.42,2.93,18.16,5.16,3.77,28.31,2.5,1.3,
0,0,9.34,1.61,13.76,2.65,18.27,4.84,0.97,34.98,2.8,7.9,
0,0,9.88,1.69,13.53,2.71,17.66,4.96,1.47,28.37,2.3,3.7,
0,0,10.44,1.79,14.21,2.79,19,5.18,2.25,48.1,4.1,5.2,
0,0,11.52,2,13.98,3.03,18.11,4.99,3.76,28.24,2.5,1.6,
0,0,13.56,2.14,14.29,3.32,17.96,5.72,9.37,25.55,3.4,6.1,
0,0,12.96,1.97,14.61,3.11,18.93,5.37,7.07,30.19,3.1,4.8,
0,0,9.42,1.58,13.46,2.56,18.11,4.48,0.86,68.82,5.1,4.1,
0,0,8.78,1.54,13.38,2.43,17.83,4.38,0.85,67.76,5.1,3.8,
0,0,9.22,1.74,13.52,2.63,17.97,5.12,0.96,34.41,2.8,7.9,
0,0,10.15,1.98,13.85,2.98,18.5,5.37,2.19,46.83,4.1,5.2,
0,0,12.43,2.19,14.52,3.27,18.86,5.5,3.91,29.41,2.5,3.1,
0,0,11.76,2.03,14.6,3.12,19.25,5.52,3.99,30.01,2.5,3.4,
0,0,8.21,1.59,13.98,2.53,19.16,4.57,0.57,117.45,6.5,7.1,
0,0,9.16,1.5,14.95,2.5,20.56,4.77,0.69,410.13,7.8,6.9,
0,0,8.92,1.56,14.29,2.55,19.22,4.64,0.57,117.82,6.5,7.5,
0,0,9.73,1.79,14.26,2.8,19.13,4.89,0.91,72.7,5.1,3.8,
0,0,11.67,1.99,14.89,3.1,19.94,5.25,2.36,50.48,4.1,5.9,
0,0,12.51,1.84,15.11,3.02,19.31,5.14,4.01,30.11,2.5,2.1,
0,0,11.23,1.54,15.06,2.67,20.06,4.81,2.38,50.78,4.1,5,
0,0,10.78,1.47,15.06,2.55,20.29,4.75,0.96,77.1,5.1,5.3,
0,0,10.83,1.54,14.94,2.53,20.22,4.85,2.4,51.19,4.1,6,
0,0,11.58,1.76,16.01,2.9,21.59,5.34,2.36,63.84,4.2,5.7,
0,0,12.58,1.98,15.83,3.17,20.63,5.64,3.99,34.58,2.5,3.3,
0,0,13.57,1.94,16.28,3.16,21.04,5.65,4.07,35.26,2.5,2.4,
0,0,11.26,1.65,16.03,2.79,21.57,5.13,0.82,119.24,5.6,4.4,
0,0,10.28,1.48,16.19,2.68,21.89,5.3,0.74,436.66,7.8,8.5,
0,0,8.76,1.44,15.29,2.55,21.16,4.99,0.71,82.04,4.9,11.6,
0,0,9.8,1.67,15.38,2.79,21.21,5.13,0.71,423.1,7.8,7.5,
0,0,12.24,1.87,16.36,3.02,21.78,5.48,2.38,64.41,4.2,4.5,
0,0,13.39,1.77,17.38,2.99,22.61,5.74,1.9,40.65,2.4,5.1,
0,0,12,1.48,17.7,2.68,23.64,5.45,0.89,130.68,5.6,3.2,
0,0,12.88,1.54,17.93,2.79,23.47,5.7,1.97,42.19,2.4,4.3,
0,0,12.65,1.61,17.7,2.75,22.91,5.28,1.92,41.19,2.4,3.8,
0,0,13.67,1.83,18.17,3.18,23.88,5.99,2.01,42.93,2.4,4,
0,0,15.88,2.01,19.63,3.5,25.31,6.79,4.89,42.42,2.5,1.4,
0,0,14.01,1.74,19.42,2.96,25.09,5.72,2.11,45.11,2.4,3.5,
0,0,11.99,1.4,19.11,2.63,25.23,5.29,1.17,54.26,2.9,8.8,
0,0,13.02,1.54,19.55,2.77,25.32,5.32,1.17,54.45,2.9,7.1,
0,0,14.24,1.61,20.36,2.85,26.29,5.79,2.21,47.26,2.4,4.7,
0,0,15.97,1.69,21.27,2.98,27.8,6.08,2.34,49.98,2.4,4.8,
0,0,17.46,1.79,22.19,3.07,28.13,5.73,5.44,47.15,2.5,1.8,
0,0,16.91,1.49,22.4,2.73,28.01,5.42,5.41,46.94,2.5,2.6,
0,0,18.13,1.51,23.29,2.83,29.32,5.74,5.41,55.32,2.6,1.6,
0,0,18.72,1.64,23.84,2.99,29.88,6.04,5.51,56.38,2.6,1.1,
0,0,20.15,1.75,24.72,2.99,30.87,6.02,5.7,58.25,2.6,1.8,
0,0,20.95,1.9,25.74,3.07,32.11,6.09,5.93,60.59,2.6,1.6,
0,0,21.44,1.98,26.5,3.25,33.18,6.38,6.12,62.61,2.6,1,
0,0,19.9,1.58,26.89,2.73,33.95,5.81,3.33,77.6,2.9,3.5,
0,0,18.56,1.3,27.74,2.51,35.86,5.69,1.6,94.99,3.2,7.3,
0,0,18.04,1.38,28.02,2.54,36.36,5.82,1.62,96.31,3.2,6.9,
0,0,22.21,1.82,28.97,3.01,36.39,6.19,6.71,68.66,2.6,1.7,
0,0,22.62,1.84,30.72,3.06,39.22,6.69,3.85,89.65,2.9,4.1,
0,0,23.63,1.8,31.13,2.97,39.36,6.48,7.26,74.27,2.6,2.8,
0,0,22.12,1.54,29.85,2.63,37.78,5.99,3.71,86.35,2.9,4.1,
0,0,22.1,1.54,28.58,2.53,35.77,5.61,6.6,67.49,2.6,1.3,
0,0,23.61,1.96,28.27,2.92,34.46,5.53,12.92,70.77,3.4,4.3,
0,0,24.24,2.15,26.38,3.18,31.26,6.02,18.14,54.33,3.6,3.1,
0,0,25.86,2.15,29.12,3.15,34.56,6.26,12.96,70.97,3.4,5.8,
0,0,26.52,2.14,29.49,3.14,34.34,6.03,19.93,59.69,3.6,2.3,
0,0,27.43,2.06,30.8,3.04,36.77,6.13,13.79,75.51,3.4,5.9,
0,0,27.55,1.82,32.37,2.87,39.16,6.22,14.69,80.42,3.4,4.4,
0,0,28.22,2,32.75,3,40.05,6.32,15.02,82.25,3.4,4.1,
0,0,29.15,2.05,33.64,3.02,41.03,6.17,15.23,123.81,4.1,4,
0,0,29.29,2.03,34,2.96,41.27,6.27,15.32,124.54,4.1,4.1,
0,0,29.43,2.03,34.21,2.99,41.9,6.43,15.55,126.44,4.1,4,
0,0,29.62,2.03,34.69,2.98,42.32,6.37,15.71,127.71,4.1,4.1,
0,0,29.54,2.02,34.85,2.94,42.51,6.09,15.78,128.28,4.1,4.3,
0,0,28.74,2.05,33.06,2.92,39.78,6.18,14.92,81.69,3.4,5,
0,0,27.39,2.06,30.58,2.8,36.13,5.6,20.97,62.8,3.6,3.8,
0,0,26.15,2.06,28.14,2.82,32.93,5.63,19.11,57.24,3.6,1.6,
0,0,24.62,2.07,26.34,2.9,30.62,5.75,17.77,53.22,3.6,2.2,
0,0,23.24,2.07,24.64,2.91,28.28,5.39,14.85,33.26,1.8,2.8,
0,0,23.25,2.1,24.95,2.95,28.71,5.76,16.66,49.9,3.6,2.5,
0,0,23,2.15,24.71,3.02,28.31,5.88,14.86,33.3,1.8,2.4,
0,0,22.66,2.15,24.25,2.95,27.72,5.42,14.55,32.6,1.8,2.4,
0,0,22.9,2.17,24.75,2.96,28.78,5.54,16.7,50.02,3.6,2.3,
0,0,22.79,2.17,24.59,3.04,28.36,5.79,14.89,33.36,1.8,2.3,
0,0,23.37,2.16,25.66,3,29.62,5.85,17.19,51.48,3.6,2,
0,0,23.17,2.18,25.12,3,29.49,5.97,17.11,51.26,3.6,2.8,
0,0,22.79,2.17,24.64,2.97,28.44,5.3,14.93,33.45,1.8,2.2,
0,0,23.14,2.17,25.1,3,29.11,5.47,16.89,50.6,3.6,2.1,
0,0,23.72,2.19,25.97,3.08,29.74,5.87,17.26,51.69,3.6,1.6,
0,0,23.39,2.19,25.58,3.04,29.59,5.91,17.17,51.43,3.6,2,
0,0,23.21,2.18,25.24,3.08,29.3,5.85,17,50.93,3.6,2.1,
0,0,23.7,2.17,26.15,3.04,30.16,5.79,17.5,52.42,3.6,2,
0,0,23.77,2.18,26.3,3.09,30.49,6.06,17.7,52.99,3.6,2.4,
0,0,23.25,2.18,25.34,3.09,29.19,6.02,16.94,50.74,3.6,1.9,
0,0,22.66,2.19,24.3,2.98,27.96,5.57,14.68,32.88,1.8,2.4,
0,0,23.14,2.19,24.61,3.06,28.44,5.78,14.93,33.45,1.8,2.7,
0,0,22.42,2.22,23.45,3.08,26.75,5.64,14.05,31.46,1.8,2.9,
0,0,22.26,2.22,23.41,3.02,27.02,5.53,14.19,31.78,1.8,2.8,
0,0,22.47,2.22,23.83,3.11,27.61,5.74,14.5,32.47,1.8,2.7,
0,0,21.83,2.22,23.14,3.08,26.8,5.62,14.07,31.52,1.8,2.5,
0,0,21.76,2.21,23.33,3.04,26.7,5.71,14.02,31.4,1.8,2.1,
0,0,21.89,2.24,23.45,3.1,27.26,5.8,14.31,32.06,1.8,2.3,
0,0,22.03,2.22,23.92,3,27.83,5.43,14.61,32.73,1.8,2.2,
0,0,21.82,2.2,23.6,2.98,27.47,5.49,14.42,32.31,1.8,2.1,
0,0,21.73,2.17,23.67,3.04,27.49,5.76,14.43,32.33,1.8,2.2,
0,0,21.7,2.17,23.63,3.08,27.74,5.69,14.57,32.63,1.8,2.9,
0,0,22,2.21,23.75,3.1,27.49,5.75,14.43,32.33,1.8,2.1,
0,0,21.88,2.2,23.71,3,27.64,5.73,14.51,32.51,1.8,2.3,
0,0,21.73,2.19,23.45,3.04,27.35,5.57,14.36,32.17,1.8,2.1,
0,0,21.64,2.21,23.87,3.06,27.86,5.63,14.63,32.77,1.8,3,
0,0,21.63,2.23,23.82,3.03,27.79,5.51,14.59,32.68,1.8,2.9,
0,0,21.71,2.25,23.68,3.01,27.53,5.55,14.45,32.38,1.8,2.3,
0,0,24.23,2.22,28.2,3.14,34.4,6.12,12.9,70.64,3.4,3.3,
0,0,24.43,2.23,28.31,3.07,34.07,5.84,12.78,69.97,3.4,3.9,
0,0,24.75,2.23,29.28,3.13,36.08,6.23,13.53,74.09,3.4,4.2,
0,0,24.99,2.23,29.56,3.05,35.97,5.91,13.49,73.87,3.4,4.1,
0,0,24.98,2.24,29.48,3.11,36.06,6,13.52,74.05,3.4,4.1,
0,0,25,2.24,29.8,3.1,36.87,5.99,13.83,75.72,3.4,4.6,
0,0,24.82,2.21,29.91,3.08,36.38,5.99,13.64,74.71,3.4,4.8,
0,0,24.92,2.22,29.65,3.14,35.83,6.14,13.44,73.58,3.4,4.3,
0,0,24.87,2.22,29.51,3.16,36.23,6.33,13.59,74.4,3.4,4.3,
0,0,25.03,2.23,29.72,3.14,36.4,6.29,13.65,74.75,3.4,4.3,
0,0,25.22,2.22,29.95,3.11,37.6,6.28,14.1,77.21,3.4,4.6,
0,0,25.03,2.23,29.87,3.16,36.98,6.38,13.87,75.94,3.4,4.6,
0,0,24.98,2.21,29.97,3.15,36.91,6.15,13.84,75.8,3.4,4.8,
0,0,25.24,2.21,30.22,3.07,37.23,6.02,13.96,76.45,3.4,4.8,
