x [m],y [m],Cond.1 [mS/m],Inph.1 [ppt],Cond.2 [mS/m],Inph.2 [ppt],Cond.3 [mS/m],Inph.3 [ppt],Inv.Cond.1 [mS/m],Inv.Cond.2 [mS/m],Inv.Thick [m],Inv.RMS [%],Note
0,0,59.86,-0.53,61.79,-0.38,76.85,1.94,18.83,228.04,2.4,5.8,
0,0,59.75,-0.52,61.53,-0.35,76.39,2.17,18.72,226.67,2.4,5.7,
0,0,60.73,-0.51,62.85,-0.31,77.87,2.28,19.08,231.07,2.4,6,
0,0,61.03,-0.42,61.7,-0.25,76.21,2.2,18.67,226.14,2.4,5.6,
0,0,60.84,-0.39,61.33,-0.2,75.86,2.29,18.59,225.1,2.4,5.6,
0,0,62.23,-0.31,61.68,-0.03,76.26,2.43,18.69,226.29,2.4,6.2,
0,0,65.88,0,62.58,0.28,76.46,2.7,26.16,234.31,2.7,9.8,
0,0,71.11,0.49,64.34,0.81,78.22,3.39,26.76,239.7,2.7,9.6,
0,0,71.89,0.88,64.94,1.2,78.89,3.92,26.99,241.75,2.7,9.8,
0,0,64.46,1.34,63.15,1.95,78.32,5.41,19.19,232.4,2.4,6.5,
0,0,56.38,1.59,60.11,2.12,76.07,4.76,4.89,388.71,3,4.4,
0,0,57.88,1.72,59.84,2.3,75.19,5,18.42,223.11,2.4,5.8,
0,0,61.76,2.15,56.71,2.78,68.87,5.1,23.56,211.05,2.7,8.5,
0,0,57.14,2.23,53.4,2.89,65.5,5.14,22.41,200.72,2.7,8.7,
0,0,49.07,1.96,51.55,2.66,64.47,5.04,15.8,191.3,2.4,5.9,
0,0,44.77,2,45.81,2.68,57.24,4.88,14.03,169.85,2.4,5.8,
0,0,49.83,2.56,39.79,3.21,46.42,4.75,55.31,22.32,2.5,8.9,
0,0,51.7,2.83,35.69,3.45,39.24,4.64,79.06,15.65,0.8,11,
0,0,54.74,2.71,35.17,3.37,38.59,4.67,285.86,20.56,0.1,11.7,
0,0,48.02,2.05,32.25,2.56,35.87,3.63,265.72,19.11,0.1,12.4,
0,0,36.44,1.08,27.84,1.41,31.68,2.26,41.77,18.29,1.4,7.7,
0,0,29.68,0.8,25.32,1.05,28.56,1.64,27.11,25.31,1.2,6.4,
0,0,32.2,1.08,25.98,1.47,29.12,2.43,38.39,16.81,1.4,7.4,
0,0,28.9,1.35,24.39,1.79,27.25,2.81,25.87,24.15,1.2,6.8,
0,0,23.94,1.22,19.74,1.4,21.44,1.3,31.25,14.23,0.8,7.9,
0,0,26.19,1.35,18.74,1.75,19.6,1.96,137.46,8.83,0.2,10.2,
0,0,24.66,0.96,18.69,1.24,20.14,1.5,48.83,11.34,0.4,11.2,
0,0,15.17,-0.48,18.52,-0.52,21.63,0.02,4.45,51.24,2.5,5.3,
0,0,14.72,-0.23,15.88,-0.21,18.57,0.06,5.72,27.41,1.5,3,
0,0,26.69,1.29,16.14,1.64,16.1,1.83,192.99,4.77,0.1,9.9,
0,0,27.06,1.59,15.54,1.99,14.99,2.21,293.17,2.13,0.1,12.5,
0,0,18.65,1.04,14.79,1.31,15.68,1.63,25.38,10.88,0.5,10.1,
0,0,13.66,0.77,14.22,0.89,15.89,1.14,8.67,17.99,1.1,3.7,
0,0,3.74,0.2,11.68,0.2,14.29,0.3,1.2,600.22,10.4,42.1,
0,0,0.38,0.35,10.43,0.47,14.36,0.79,-1,-1,-1,-1,
0,0,5.5,0.79,10.78,1.07,13.04,1.17,0.55,61.32,4.8,23.6,
0,0,29.97,2.33,14.31,2.86,12.96,2.87,725.23,0.33,0,14.1,
0,0,28.31,2.54,14.3,3.06,13.03,3.17,729.15,0.33,0,14.2,
0,0,23.35,2.16,13.97,2.65,13.25,2.88,258.98,2,0.1,12.5,
0,0,21.86,2.06,13.86,2.53,12.63,2.64,234.07,0.95,0.1,7.9,
0,0,18.01,1.98,12.24,2.37,11.1,2.32,126.87,2.69,0.1,5.8,
0,0,10.43,1.55,10.78,1.84,11.12,1.73,7.07,11.17,0.6,5.1,
0,0,9.27,1.39,10.13,1.77,10.66,1.7,6.78,10.7,0.6,5.3,
0,0,22.43,2.11,12.43,2.63,11.17,2.46,368.7,0.56,0.1,9.9,
0,0,24.71,2.44,12.89,2.92,11.48,2.77,642.41,0.29,0,13.5,
0,0,18.18,2.13,11.94,2.51,11.51,2.61,153.12,3.37,0.1,9.5,
0,0,20.72,2.19,12.03,2.63,10.68,2.55,352.53,0.54,0.1,10.7,
0,0,16.78,1.82,11.26,2.14,10.48,2.02,119.78,2.54,0.1,6.7,
0,0,-2.2,0.51,8.02,0.48,9.59,0.23,-1,-1,-1,-1,
0,0,-9.2,-0.1,5.68,-0.21,8.32,-0.52,-1,-1,-1,-1,
0,0,0.13,0.32,6.82,0.31,8.35,-0.09,-1,-1,-1,-1,
0,0,10.62,1.36,8.65,1.55,9.04,1.48,22.52,6.41,0.2,5.1,
0,0,6.76,1.43,8.08,1.64,8.91,1.67,1.89,10.84,0.9,3.2,
0,0,-9.17,0.36,4.42,0.27,7.59,-0.06,-1,-1,-1,-1,
0,0,-24.2,-0.65,1.19,-0.97,6.43,-1.43,-1,-1,-1,-1,
0,0,-22.73,-0.65,1.47,-0.9,6.66,-1.35,-1,-1,-1,-1,
0,0,18.41,1.62,8.95,1.98,8.78,1.76,336.66,0.41,0,15.3,
0,0,38.54,3.25,13.28,3.93,9.52,3.8,1974,0.11,0,30.3,
0,0,28.5,2.72,11.96,3.31,9.26,3.34,1334.08,0.11,0,23.8,
0,0,36.95,2.94,14.4,3.61,10.86,3.72,1894.93,0.09,0,30.6,
0,0,31.65,2.67,13.36,3.27,10.07,3.25,1450.78,0.12,0,24.8,
0,0,25.26,2.14,12.19,2.57,9.77,2.45,728.12,0.23,0,14.6,
0,0,27.77,2.16,12.7,2.62,10.01,2.31,1087.86,0.12,0,18.6,
0,0,34.61,2.82,13.85,3.44,10.61,3.39,1440.72,0.18,0,25,
0,0,32.18,2.79,13.41,3.38,10.41,3.47,1413.57,0.17,0,24.3,
0,0,30.83,2.64,13.46,3.22,10.17,3.34,1465.18,0.12,0,26,
0,0,28.24,2.45,12.83,3.05,9.68,3.19,1052,0.11,0,20.1,
0,0,33.28,2.62,13.76,3.22,10.18,3.42,1262.62,0.12,0,22.6,
0,0,34.03,2.62,14.04,3.18,10.23,3.37,1371.15,0.17,0,22.7,
0,0,45.44,3.26,16.02,3.99,11.21,4.11,2471.03,0.09,0,30.5,
0,0,50.48,3.58,17.2,4.41,10.93,4.35,2967.26,0.09,0,34,
0,0,43.31,3.08,16,3.78,11.15,3.73,2457.8,0.09,0,30.7,
0,0,14.36,1.49,10.38,1.72,9.11,1.47,113.28,2.26,0.1,4.8,
0,0,11.74,1.33,8.9,1.55,8.66,1.2,77.41,3.89,0.1,8.3,
0,0,23.78,1.91,10.98,2.23,9.16,2.03,682.66,0.22,0,15.9,
0,0,18.02,1.59,10.05,1.77,9.13,1.64,319.24,0.43,0.1,10.1,
0,0,-3.81,0.44,5.52,0.44,7.61,0.14,-1,-1,-1,-1,
0,0,-3.07,0.47,5.38,0.55,7.12,0.27,-1,-1,-1,-1,
0,0,-4.88,0.39,5.24,0.39,7.32,0.23,-1,-1,-1,-1,
0,0,7.52,1.37,8.08,1.54,8.82,1.44,5.52,11.98,2.8,4.5,
0,0,19.07,2.13,10.56,2.55,9.9,2.32,346.17,0.47,0.1,12.1,
0,0,40.78,3.22,15.18,3.97,11.4,4.11,1989.15,0.1,0,29.5,
0,0,42.04,3.09,16.51,3.83,12.44,4.03,2170.62,0.1,0,30.5,
0,0,10.67,0.92,10.4,1.1,9.86,0.94,24.57,6.99,0.2,5.2,
0,0,2.75,0.22,8.21,0.25,9,0.11,0.32,38.9,4.8,36.1,
0,0,11.52,0.89,10.18,1.1,9.6,1.21,49.2,5.67,0.2,7.7,
0,0,26.03,2.17,13.04,2.59,11.07,2.47,619.47,0.28,0,15.7,
0,0,35.96,2.94,14.67,3.55,11.54,3.62,1567.01,0.19,0,22.9,
0,0,45.79,3.24,17.52,3.98,12.94,4.28,2242.16,0.11,0,25.9,
0,0,32.54,2.4,14.92,2.95,11.7,2.99,1178.46,0.2,0,17.9,
0,0,20.54,1.64,12.68,1.98,11,1.73,203.86,0.83,0.1,9,
0,0,17.36,1.53,11.93,1.76,10.7,1.73,122.29,2.6,0.1,5.7,
0,0,15.24,1.42,11.59,1.65,10.98,1.46,87.37,4.96,0.1,8.8,
0,0,26.11,2.14,13.27,2.51,11.87,2.42,664.23,0.3,0,12.7,
0,0,15.23,1.67,11.11,1.91,10.72,1.87,85.3,4.84,0.1,8.1,
0,0,-1.67,0.54,7.53,0.55,9.7,0.47,-1,-1,-1,-1,
0,0,-9.11,0.27,6.26,0.33,9.27,-0.02,-1,-1,-1,-1,
0,0,4.25,1.13,9.49,1.4,10.61,1.31,0.44,46.7,4.4,24,
0,0,14.08,1.8,9.31,2.1,8.06,1.94,163.42,0.95,0.1,7.6,
0,0,22.49,2.32,12.55,2.81,10.85,2.95,358.14,0.54,0.1,11.9,
0,0,24.77,2.44,13.01,2.94,10.79,2.95,588.18,0.27,0,12,
0,0,31.69,2.64,14.76,3.13,11.9,2.96,1198.6,0.2,0,19.3,
0,0,14.46,1.77,10.25,2.19,8.56,1.99,181.55,0.71,0.1,5.4,
0,0,5.24,1.08,9.56,1.43,9.76,1.47,0.92,15.67,1.5,16.6,
0,0,9.12,1.18,10.45,1.42,9.96,1.21,5.76,9.64,0.4,4.7,
0,0,21.26,2.07,12.61,2.43,11.19,2.29,369.36,0.56,0.1,11.2,
0,0,30.5,2.7,14.31,3.27,11.47,3.35,1155.29,0.19,0,19.4,
0,0,51.02,3.58,19.04,4.4,13.27,4.55,2925.11,0.11,0,31.2,
0,0,52.05,3.6,19.25,4.46,13.57,4.63,2991.24,0.11,0,31,
0,0,47.2,3.23,18.52,4,13.07,3.86,2264.69,0.11,0,25.3,
0,0,46.5,3.16,18.52,3.91,12.98,3.91,2249.09,0.11,0,25.2,
0,0,33.52,2.61,16.01,3.13,12.22,3.24,1230.83,0.2,0,19.3,
0,0,19.76,2,12.49,2.3,11.01,2.16,204.05,0.83,0.1,7.2,
0,0,19.97,2.05,12.61,2.37,10.65,2.14,197.38,0.8,0.1,10.2,
0,0,14.28,1.56,11.76,1.85,11.13,1.88,50.19,6.61,0.2,6.8,
0,0,-4.05,0.52,7.77,0.6,9.49,0.4,-1,-1,-1,-1,
0,0,0.09,0.83,7.88,1.03,9.21,0.7,-1,-1,-1,-1,
0,0,9.11,1.14,9.91,1.36,9.71,1.1,5.62,9.4,0.4,4.6,
0,0,20.44,1.96,11.88,2.29,10.79,2.1,356.16,0.54,0.1,12,
0,0,23.51,2.35,12.33,2.8,11.04,2.58,617.79,0.28,0,14.3,
0,0,41.84,3.12,16.54,3.83,12.26,3.8,2124.34,0.1,0,26.9,
0,0,22.17,1.78,12.98,2.09,11.11,2.15,366.72,0.56,0.1,10.8,
0,0,4.99,0.72,9.18,0.83,9.68,0.73,1.37,23.21,2.8,20.9,
0,0,22.45,1.73,12.71,2.14,10.76,2.08,355.17,0.54,0.1,12.8,
0,0,42.58,3.09,16.81,3.78,12.34,3.77,2138.2,0.1,0,26.2,
0,0,31.64,2.79,15.09,3.37,11.68,3.28,1176.44,0.2,0,19.2,
0,0,33.98,2.77,15.34,3.38,11.61,3.25,1169.39,0.19,0,20.1,
0,0,53.76,3.59,19.31,4.33,13.26,4.42,2922.91,0.11,0,31.3,
0,0,24.32,1.56,14.02,1.79,11.65,1.71,409.11,0.39,0.1,8.2,
0,0,8.07,0.29,10.59,0.31,10,0.1,2.72,10.86,0.6,7.6,
0,0,18.93,0.77,12.24,0.97,10.39,0.72,192.56,0.78,0.1,9.3,
0,0,23.72,1.31,12.76,1.57,10.44,1.3,569.1,0.26,0,11.4,
0,0,18.52,1.25,11.6,1.49,10.47,1.29,194.04,0.79,0.1,7.4,
0,0,16.67,1.4,11.27,1.68,10.45,1.52,119.44,2.54,0.1,6.4,
0,0,4.21,0.52,8.58,0.6,9.29,0.39,0.44,30.83,3.8,19.7,
0,0,-5.82,0.11,6.37,0.03,8.59,-0.14,-1,-1,-1,-1,
0,0,-1.76,0.76,6.94,0.82,8.59,0.57,-1,-1,-1,-1,
0,0,23.25,2.16,11.66,2.68,10.34,2.42,578.62,0.26,0,13.3,
0,0,42.43,3.34,16.37,4.17,11.89,4.18,2060.22,0.1,0,25.1,
0,0,35.38,2.95,15.6,3.63,11.72,3.59,1591.45,0.2,0,25.4,
0,0,42.89,3.03,17.16,3.75,12.08,3.9,2093.15,0.1,0,24.4,
0,0,41.6,2.82,17.08,3.45,12.3,3.51,2131.27,0.1,0,26.2,
0,0,13.9,1.25,11.63,1.38,10.6,1.33,34.5,5.14,0.4,2.8,
0,0,-13.33,-0.38,6.16,-0.59,8.65,-0.84,-1,-1,-1,-1,
0,0,-14.32,-0.34,4.69,-0.43,7.24,-0.88,-1,-1,-1,-1,
0,0,-6.56,0.54,5.79,0.62,8.05,0.14,-1,-1,-1,-1,
0,0,-0.57,1.08,6.81,1.31,8.46,0.99,-1,-1,-1,-1,
0,0,-6.49,0.69,5.38,0.85,7.92,0.5,-1,-1,-1,-1,
0,0,-4.41,0.72,5.72,0.83,8.27,0.61,-1,-1,-1,-1,
0,0,-0.2,0.9,6.91,1.02,8.29,0.68,-1,-1,-1,-1,
0,0,20.81,2.13,11.2,2.59,9.95,2.47,347.91,0.47,0.1,11,
0,0,36.35,3.12,14.52,3.89,10.97,3.84,1489.61,0.18,0,25.8,
0,0,36.72,3.08,14.97,3.86,11.51,3.93,1562.93,0.19,0,23.7,
0,0,34.56,2.86,15.12,3.58,11.81,3.63,1189.54,0.2,0,18.9,
0,0,33.57,2.82,15.13,3.49,11.81,3.53,1189.54,0.2,0,18,
0,0,28.91,2.54,14.04,3.12,11.28,3.01,921.63,0.19,0,14.4,
0,0,40.39,2.95,16.32,3.54,11.61,3.64,2011.71,0.1,0,24.9,
0,0,28.88,2.32,14.12,2.69,11.05,2.75,902.83,0.18,0,15.4,
0,0,-6.59,0.24,6.61,0.13,8.48,-0.12,-1,-1,-1,-1,
0,0,-22.84,-0.89,3.22,-1.14,7.38,-1.67,-1,-1,-1,-1,
0,0,-23.2,-1.23,2.39,-1.54,6.94,-1.96,-1,-1,-1,-1,
0,0,-4.06,0.36,5.6,0.27,8.19,-0.24,-1,-1,-1,-1,
0,0,22.54,2.35,11.11,2.78,9.99,2.67,597.41,0.24,0,12.9,
0,0,27.03,2.8,12.17,3.31,10.28,3.31,747.54,0.26,0,20.3,
0,0,23.47,2.54,12.03,2.98,10.14,3.03,606.38,0.24,0,15.9,
0,0,25.37,2.5,12.76,3.03,10.76,3.08,602.12,0.27,0,16.2,
0,0,35.2,2.91,15.2,3.61,11.2,3.49,1501.16,0.19,0,20.8,
0,0,32.18,2.79,14.7,3.45,11.34,3.36,1142.2,0.19,0,18.6,
0,0,22.92,2.25,13.11,2.73,10.88,2.53,382.07,0.36,0.1,8.8,
0,0,28.62,2.5,13.75,3.02,10.96,2.87,895.48,0.18,0,15,
0,0,38.8,3.05,15.8,3.7,11.29,3.65,1956.26,0.09,0,25.6,
0,0,26.02,2.41,13.68,2.87,11.01,2.85,600.17,0.28,0,11.7,
0,0,13.35,1.62,10.97,1.94,10,1.64,72.27,3.9,0.2,4.9,
0,0,5.39,1.09,8.77,1.21,8.88,0.94,1.15,12.37,1.1,12.8,
0,0,5.47,1.21,8.83,1.35,9.22,1.04,0.87,14.81,1.5,17.3,
0,0,9.59,1.46,8.99,1.72,9.51,1.43,11.57,7.86,0.3,6.4,
0,0,20.23,2,11.33,2.35,10.27,2.2,338.99,0.52,0.1,10.9,
0,0,2.44,1.11,7.7,1.25,8.79,1.09,1.04,519,12,38.3,
0,0,-24.78,-0.6,2.37,-0.83,6.86,-1.35,-1,-1,-1,-1,
0,0,-28.01,-0.85,1.3,-1.14,6.63,-1.63,-1,-1,-1,-1,
0,0,-7.45,0.62,5.02,0.65,8.01,0.39,-1,-1,-1,-1,
0,0,4.15,1.39,7.18,1.56,8.28,1.35,0.49,26.11,3.6,15,
0,0,14.83,1.98,9.9,2.3,9.41,2.19,137.57,2.78,0.1,10,
0,0,9.84,1.83,8.82,2.11,8.32,1.79,20.73,5.9,0.2,5.6,
0,0,5.48,1.52,7.52,1.78,7.49,1.36,1.33,9.2,0.8,9.4,
0,0,-2.75,0.97,6.12,1.03,7.59,0.78,-1,-1,-1,-1,
0,0,-0.07,1.1,6.65,1.19,7.86,0.9,-1,-1,-1,-1,
0,0,6.3,1.43,8.15,1.66,8.67,1.4,1.13,13.31,1.5,5.6,
0,0,16.8,2.04,10.19,2.43,9.56,2.29,193.84,1.13,0.1,8.3,
0,0,11.46,1.83,9.38,2.08,9.17,1.98,47,5.41,0.2,5.1,
0,0,3.51,1.15,8.19,1.39,9.2,1.37,0.43,33.03,4.1,24.7,
0,0,-11.12,-0.01,5.21,-0.03,7.96,-0.33,-1,-1,-1,-1,
0,0,-9.1,0.07,5.07,0.04,7.66,-0.42,-1,-1,-1,-1,
0,0,6.55,0.87,8.18,1.09,8.76,0.84,1.14,13.45,1.5,6.3,
0,0,23.34,2.07,11.47,2.53,9.95,2.38,595.02,0.23,0,14.8,
0,0,7.19,1.31,8.87,1.49,9.04,1.31,2.46,9.82,0.6,5.8,
0,0,-19.16,-0.58,4.74,-0.92,9.48,-1.51,-1,-1,-1,-1,
0,0,-29.62,-1.2,1.32,-1.61,6.91,-2.06,-1,-1,-1,-1,
0,0,-21.29,-0.45,2,-0.69,6.57,-1.07,-1,-1,-1,-1,
0,0,-10.19,0.17,4.21,0.07,7.46,-0.39,-1,-1,-1,-1,
0,0,15.07,1.65,8.94,1.96,8.62,1.74,186.28,1.02,0.1,11.7,
0,0,27.47,2.58,11.72,3.11,10.1,2.95,1112.91,0.12,0,23.2,
0,0,7.85,1.35,8.53,1.57,9.12,1.38,5.71,12.39,2.8,4.9,
0,0,-13.59,-0.45,4.46,-0.61,7.66,-0.97,-1,-1,-1,-1,
0,0,-20.3,-0.97,2.67,-1.26,7.18,-1.73,-1,-1,-1,-1,
0,0,-12.1,-0.44,4,-0.56,7.01,-0.72,-1,-1,-1,-1,
0,0,15.82,1.47,9.07,1.93,8.68,2.13,187.58,1.03,0.1,12.3,
0,0,35.36,3.05,13.52,3.7,10.75,3.86,1459.73,0.18,0,24,
0,0,45.59,3.54,16.3,4.36,11.95,4.65,2634.15,0.1,0,31.5,
0,0,34.51,2.78,14.79,3.4,11.4,3.57,1548,0.19,0,24.7,
0,0,9.28,1.12,9.79,1.34,9.56,1.22,9.71,7.45,2,2,
0,0,9.41,0.94,9.63,1.15,9.28,0.95,9.42,7.23,2,1.8,
0,0,18.62,1.52,11.41,1.85,9.9,1.63,200.73,1.17,0.1,9,
0,0,37.57,2.88,14.65,3.57,11.23,3.58,1959.49,0.09,0,30.4,
0,0,50.98,3.66,17.31,4.53,12.12,4.66,2671.62,0.1,0,31.3,
0,0,30.34,2.38,14.05,2.85,11.74,2.95,959.21,0.2,0,15.8,
0,0,-14.05,-0.3,5.49,-0.5,8.49,-0.75,-1,-1,-1,-1,
0,0,-18.77,-0.8,3.72,-1.06,7.6,-1.55,-1,-1,-1,-1,
0,0,-4.81,-0.01,6.29,-0.09,8.29,-0.63,-1,-1,-1,-1,
0,0,11.5,1.5,8.64,1.73,8.96,1.38,45.92,5.29,0.2,6,
0,0,24.2,2.53,11.02,3.06,9.72,2.94,740.58,0.23,0,16.8,
0,0,26.38,2.64,11.79,3.21,10.01,3.13,762.68,0.24,0,20.1,
0,0,22.99,2.37,11.78,2.86,9.98,2.86,596.81,0.24,0,14.9,
0,0,19.85,2.13,11.26,2.64,9.98,2.61,348.96,0.47,0.1,9.5,
0,0,25.84,2.36,12.78,2.96,10.54,2.95,861.17,0.18,0,15.8,
0,0,30.66,2.76,13.54,3.41,11.1,3.49,1118.02,0.19,0,19.1,
0,0,24.5,2.49,12.79,3.04,10.73,3.09,584.91,0.27,0,12.2,
0,0,25.51,2.54,12.63,3.09,10.17,3.23,757.93,0.24,0,14.5,
0,0,38.56,3.04,16.56,3.81,13.55,4.28,1364.79,0.23,0,19.1,
0,0,19.6,2.05,11.59,2.42,9.92,2.43,346.87,0.47,0.1,10.9,
0,0,1.68,0.81,8.02,0.92,8.6,0.72,-1,-1,-1,-1,
0,0,8.59,0.48,9.24,0.57,9.19,0.33,5.32,8.9,0.4,3.9,
0,0,2.99,-0.26,8.03,-0.35,9.12,-0.63,0.32,39.42,4.8,35.6,
0,0,-3.43,-0.66,6.27,-0.84,8.06,-1.22,-1,-1,-1,-1,
0,0,0.74,-0.16,8.3,-0.18,10.68,-0.23,-1,-1,-1,-1,
0,0,-15.44,-1.25,3.61,-1.5,8.14,-1.74,-1,-1,-1,-1,
0,0,-21.79,-1.38,1.47,-1.75,6.21,-2.33,-1,-1,-1,-1,
0,0,-16.67,-1.12,2.24,-1.35,6.65,-1.83,-1,-1,-1,-1,
0,0,-5.99,-0.59,4.32,-0.66,7.49,-1.09,-1,-1,-1,-1,
0,0,-7.93,-0.63,3.69,-0.82,6.97,-1.3,-1,-1,-1,-1,
0,0,-9.85,-0.53,3.84,-0.71,6.93,-1.23,-1,-1,-1,-1,
0,0,-3.7,0.52,4.55,0.49,7.14,0,-1,-1,-1,-1,
0,0,-10.61,0.16,3.7,0.05,7.22,-0.43,-1,-1,-1,-1,
0,0,-16.06,-0.11,2.42,-0.25,6.89,-0.58,-1,-1,-1,-1,
0,0,-19.32,-0.2,1.8,-0.33,6.14,-0.3,-1,-1,-1,-1,
0,0,-25.58,-0.58,0.77,-0.76,5.92,-1.02,-1,-1,-1,-1,
0,0,-46.84,-1.84,-3.92,-2.32,4.42,-2.8,-1,-1,-1,-1,
0,0,-62.59,-3.15,-6.73,-3.81,3.64,-4.55,-1,-1,-1,-1,
0,0,-35.75,-1.57,-2.26,-1.86,4.67,-2.45,-1,-1,-1,-1,
0,0,-30.99,-0.85,-1.91,-1.03,4.93,-1.51,-1,-1,-1,-1,
0,0,-25.86,-0.36,-1.21,-0.55,5.27,-1.09,-1,-1,-1,-1,
0,0,-22.69,-0.11,-0.26,-0.25,5.67,-0.74,-1,-1,-1,-1,
0,0,-19.37,-0.08,0.91,-0.17,5.99,-0.57,-1,-1,-1,-1,
0,0,-22.46,-0.72,0.69,-0.92,5.76,-1.31,-1,-1,-1,-1,
0,0,-20.61,-0.7,1.1,-0.88,5.97,-1.18,-1,-1,-1,-1,
0,0,-2.89,0.64,4.47,0.78,7.32,0.67,-1,-1,-1,-1,
0,0,-9.55,0.12,3.36,0.12,6.88,-0.13,-1,-1,-1,-1,
0,0,-7.62,0.37,3.55,0.37,7.08,0.18,-1,-1,-1,-1,
0,0,-6.35,0.47,4.41,0.48,7.23,0.44,-1,-1,-1,-1,
0,0,-9.35,0.34,3.6,0.34,7.23,0.15,-1,-1,-1,-1,
0,0,-17.87,-0.21,2.12,-0.34,6.61,-0.7,-1,-1,-1,-1,
0,0,-21.69,-0.91,1.44,-1.11,6.14,-1.38,-1,-1,-1,-1,
0,0,-35.65,-2.12,-1.53,-2.64,5.38,-2.93,-1,-1,-1,-1,
0,0,-35.45,-1.57,-2.22,-2.08,4.65,-2.41,-1,-1,-1,-1,
0,0,-26.34,-0.69,0.03,-1.01,5.26,-1.27,-1,-1,-1,-1,
0,0,-25.03,-0.51,0.2,-0.84,6.06,-1.17,-1,-1,-1,-1,
0,0,-37.02,-1.33,-2.75,-1.79,4.56,-2.2,-1,-1,-1,-1,
0,0,-55.04,-2.42,-6.32,-3.07,3.07,-3.7,-1,-1,-1,-1,
0,0,-41.31,-1.72,-3.62,-2.11,3.97,-2.64,-1,-1,-1,-1,
0,0,-35.25,-1.42,-2.87,-1.78,4.34,-2.13,-1,-1,-1,-1,
0,0,-36.98,-1.28,-3.2,-1.68,4.2,-2.2,-1,-1,-1,-1,
0,0,-24.22,-0.29,-0.41,-0.47,5.56,-0.84,-1,-1,-1,-1,
0,0,-24.72,-0.32,0.4,-0.49,6.47,-0.57,-1,-1,-1,-1,
0,0,-49.65,-1.88,-5.11,-2.39,3.96,-2.76,-1,-1,-1,-1,
0,0,-75.68,-3.42,-10.33,-4.25,1.65,-4.93,-1,-1,-1,-1,
0,0,-71.42,-3.24,-9.62,-4.05,1.78,-4.84,-1,-1,-1,-1,
0,0,-63.3,-2.45,-8.97,-3.09,1.88,-3.94,-1,-1,-1,-1,
0,0,-39.5,-0.71,-4.41,-1.04,3.48,-1.66,-1,-1,-1,-1,
0,0,-31.52,-0.01,-2.78,-0.22,4.13,-0.65,-1,-1,-1,-1,
0,0,-46.21,-0.85,-5.11,-1.21,3.61,-1.78,-1,-1,-1,-1,
0,0,-86.37,-2.94,-12.7,-3.63,0.53,-4.28,-1,-1,-1,-1,
0,0,-84.03,-3.13,-11.97,-3.84,0.76,-4.71,-1,-1,-1,-1,
0,0,-61.63,-1.97,-8.48,-2.42,1.73,-3.04,-1,-1,-1,-1,
0,0,-53.12,-1.34,-6.51,-1.72,2.53,-2.36,-1,-1,-1,-1,
0,0,-39.68,-0.6,-3.7,-0.84,4.04,-1.42,-1,-1,-1,-1,
0,0,-42.15,-0.77,-4.05,-1.04,3.61,-1.58,-1,-1,-1,-1,
0,0,-48.51,-1.25,-5.83,-1.62,3.02,-2.24,-1,-1,-1,-1,
0,0,-57.9,-1.8,-6.73,-2.16,2.54,-2.73,-1,-1,-1,-1,
0,0,-28.69,-0.47,-0.84,-0.48,4.49,-1,-1,-1,-1,-1,
0,0,-16,0.11,3.5,-0.1,8.34,-1.31,-1,-1,-1,-1,
0,0,-12.33,0.52,2.58,0.61,5.86,0.18,-1,-1,-1,-1,
0,0,9.1,1.45,7.21,1.83,7.86,1.81,16.24,5.57,0.3,8.1,
0,0,31.23,2.38,11.92,2.89,9.49,2.95,1367.22,0.11,0,23.6,
0,0,-9.75,-0.09,4.31,-0.32,6.7,-0.7,-1,-1,-1,-1,
0,0,-31.25,-1.15,-0.33,-1.62,5.25,-2.17,-1,-1,-1,-1,
0,0,-37.36,-2.05,-1.51,-2.55,4.75,-3.14,-1,-1,-1,-1,
0,0,-48.09,-3.55,-4.1,-4.28,3.67,-5.05,-1,-1,-1,-1,
0,0,-46.31,-3.33,-4.56,-4.09,3.71,-4.96,-1,-1,-1,-1,
0,0,-31.25,-1.77,-3.01,-2.16,2.95,-2.85,-1,-1,-1,-1,
0,0,-32.53,-1.48,-2.88,-1.88,3.91,-2.48,-1,-1,-1,-1,
0,0,-35.21,-1.86,-2.66,-2.39,4.21,-3.11,-1,-1,-1,-1,
0,0,-37.75,-1.38,-3.5,-1.94,3.98,-2.56,-1,-1,-1,-1,
0,0,-26.46,0.08,-1.49,-0.18,4.41,-0.73,-1,-1,-1,-1,
0,0,-29.38,0.01,-1.14,-0.22,4.72,-0.87,-1,-1,-1,-1,
0,0,-49.9,-1.34,-4.88,-1.86,2.99,-2.62,-1,-1,-1,-1,
0,0,-40.82,-1.02,-3.03,-1.45,3.73,-2.08,-1,-1,-1,-1,
0,0,-23.93,-0.01,-0.36,-0.21,5.13,-0.75,-1,-1,-1,-1,
0,0,-16.19,-0.08,1.71,-0.13,6.39,-0.26,-1,-1,-1,-1,
0,0,-16.27,-0.4,2.39,-0.69,6.63,-1.18,-1,-1,-1,-1,
0,0,-24.86,-0.38,0.2,-0.71,5.42,-1.34,-1,-1,-1,-1,
0,0,-0.8,0.94,4.89,1.17,7.05,0.99,-1,-1,-1,-1,
0,0,45.57,3.34,15.02,4.09,10.76,4.13,2942.53,0.09,0,36.7,
0,0,18.91,2.07,10.26,2.42,8.89,2.2,531.63,0.21,0,14.7,
0,0,1.82,1.04,6.95,1.15,7.83,0.96,0.92,462.32,12,49.4,
0,0,9.81,1.13,8.37,1.33,8.38,1.2,20.88,5.94,0.2,3.4,
0,0,-5.95,0.02,5.32,-0.11,7.22,-0.38,-1,-1,-1,-1,
0,0,-26.71,-0.76,-0.01,-1.13,5.16,-1.74,-1,-1,-1,-1,
0,0,-32.08,-1.01,-1.09,-1.32,4.66,-2.03,-1,-1,-1,-1,
0,0,-32.1,-1.69,-0.87,-2.04,5.05,-2.47,-1,-1,-1,-1,
0,0,-27.92,-1,-0.69,-1.33,5.02,-1.87,-1,-1,-1,-1,
0,0,-13.19,0.55,1.39,0.43,5.2,-0.14,-1,-1,-1,-1,
0,0,-8.7,0.88,2.94,0.78,6.06,0.32,-1,-1,-1,-1,
0,0,-12.32,0.54,2.31,0.38,5.24,0.03,-1,-1,-1,-1,
0,0,-21.44,0.01,0.3,-0.17,5.12,-0.54,-1,-1,-1,-1,
0,0,-44.48,-1.46,-4.65,-1.85,2.22,-2.3,-1,-1,-1,-1,
0,0,-25.06,-0.8,0.24,-1.03,5.2,-1.43,-1,-1,-1,-1,
0,0,-18.17,-0.12,1.3,-0.3,5.54,-0.64,-1,-1,-1,-1,
0,0,-11.91,0.48,1.98,0.33,5.76,-0.15,-1,-1,-1,-1,
0,0,-6.36,0.96,3.53,0.85,6.44,0.55,-1,-1,-1,-1,
0,0,-5.54,1.11,3.6,1.05,6.41,0.79,-1,-1,-1,-1,
0,0,-28.91,0.17,-1.29,-0.13,4.44,-0.51,-1,-1,-1,-1,
0,0,-93.55,-3.24,-13.69,-4.19,0.23,-4.83,-1,-1,-1,-1,
0,0,-96.35,-4.07,-14.53,-5.06,-0.2,-5.85,-1,-1,-1,-1,
0,0,-89.08,-4.02,-13.76,-4.93,0.08,-5.74,-1,-1,-1,-1,
0,0,-78.76,-3.23,-12.53,-4.09,0.27,-5.03,-1,-1,-1,-1,
0,0,-56.66,-1.43,-8.83,-2.12,1.54,-2.96,-1,-1,-1,-1,
0,0,-33.78,0.01,-3.89,-0.43,2.94,-1.03,-1,-1,-1,-1,
0,0,-43.45,-0.47,-5.83,-0.94,2.36,-1.49,-1,-1,-1,-1,
0,0,-51.83,-0.91,-6.9,-1.42,2.86,-2.01,-1,-1,-1,-1,
0,0,-58.85,-1.17,-8.63,-1.82,1.88,-2.36,-1,-1,-1,-1,
0,0,-44.88,-0.59,-5.05,-1.06,3.15,-1.65,-1,-1,-1,-1,
0,0,-31.33,0.08,-2.25,-0.18,3.87,-0.51,-1,-1,-1,-1,
0,0,-31.85,0,-1.42,-0.25,4.9,-0.5,-1,-1,-1,-1,
0,0,-29.29,-0.01,-0.64,-0.14,5.17,-0.35,-1,-1,-1,-1,
0,0,-30.81,-0.22,-1.18,-0.39,3.73,-0.81,-1,-1,-1,-1,
0,0,-40.95,-0.8,-3.62,-1.11,2.95,-1.95,-1,-1,-1,-1,
0,0,-40.06,-0.78,-3.34,-1.02,3.58,-1.64,-1,-1,-1,-1,
0,0,-33.34,-0.58,-1.91,-0.84,4.32,-1.39,-1,-1,-1,-1,
0,0,-39.14,-0.97,-3.1,-1.35,4.07,-1.85,-1,-1,-1,-1,
0,0,-62.74,-2.4,-7.82,-2.94,1.95,-3.71,-1,-1,-1,-1,
0,0,-40.41,-1.46,-3.61,-1.9,3.51,-2.71,-1,-1,-1,-1,
0,0,-34.53,-1.21,-2.55,-1.48,3.96,-1.96,-1,-1,-1,-1,
0,0,-27.46,-0.68,-1.12,-0.85,5.05,-1.38,-1,-1,-1,-1,
0,0,-19.83,-0.19,0.03,-0.33,5.33,-0.79,-1,-1,-1,-1,
0,0,-10.25,0.12,2.51,0.03,5.44,-0.33,-1,-1,-1,-1,
0,0,-23.89,-0.61,0.02,-0.86,4.67,-1.29,-1,-1,-1,-1,
0,0,-29.4,-0.97,-1.39,-1.26,4.54,-1.82,-1,-1,-1,-1,
0,0,-28.37,-0.82,-1.03,-1.05,4.71,-1.52,-1,-1,-1,-1,
0,0,-33.64,-1.07,-1.9,-1.35,4.16,-2.03,-1,-1,-1,-1,
0,0,-23.39,-0.33,-0.65,-0.45,4.35,-1.01,-1,-1,-1,-1,
0,0,-16.66,0.07,0.83,0,4.66,-0.53,-1,-1,-1,-1,
0,0,-17.06,-0.14,1.46,-0.32,5.19,-0.79,-1,-1,-1,-1,
0,0,-42.67,-1.69,-3.6,-2.19,3.41,-2.84,-1,-1,-1,-1,
0,0,-29.85,-1.1,-1.24,-1.35,3.62,-1.94,-1,-1,-1,-1,
0,0,-20.9,-0.76,0.93,-0.9,5.23,-1.41,-1,-1,-1,-1,
0,0,-21.65,-0.62,0.47,-0.69,4.97,-1.25,-1,-1,-1,-1,
0,0,-18.78,-0.14,0.89,-0.15,5.13,-0.58,-1,-1,-1,-1,
0,0,-18.68,-0.25,1.2,-0.39,5.02,-0.72,-1,-1,-1,-1,
0,0,-47.96,-2.07,-4.04,-2.47,3.74,-2.94,-1,-1,-1,-1,
0,0,-55.86,-2.78,-6.11,-3.15,2.45,-3.81,-1,-1,-1,-1,
0,0,-55.25,-2.47,-6.8,-2.84,2.43,-3.63,-1,-1,-1,-1,
0,0,-40.89,-1.32,-4,-1.6,3.42,-2.33,-1,-1,-1,-1,
0,0,-17.37,0.02,0.62,0.07,5.06,-0.44,-1,-1,-1,-1,
0,0,9.29,1.04,6.53,1.26,7.66,0.87,42.06,4.79,0.1,11,
0,0,-11.49,-1.31,3.72,-1.7,6.81,-2.18,-1,-1,-1,-1,
0,0,-43.83,-3.23,-13.78,-4.74,-16.38,-9.22,-1,-1,-1,-1,
0,0,-30.59,-2.3,-2.12,-2.78,2.93,-3.88,-1,-1,-1,-1,
0,0,-33.37,-2.15,-2.42,-2.4,3.63,-3.22,-1,-1,-1,-1,
0,0,-11.55,-0.55,2,-0.48,4.97,-0.99,-1,-1,-1,-1,
0,0,1.24,0.5,4.26,0.67,5.94,0.28,0.2,28.41,6.1,53.8,
0,0,-10.25,-0.21,2.55,-0.28,5.37,-0.69,-1,-1,-1,-1,
0,0,-36.93,-2.36,-2.25,-2.86,3.77,-3.44,-1,-1,-1,-1,
0,0,-36.2,-2.17,-2.18,-2.55,3.82,-3.24,-1,-1,-1,-1,
0,0,-37.57,-1.59,-2.87,-1.77,3.98,-2.4,-1,-1,-1,-1,
0,0,-23.16,-0.31,-0.7,-0.25,4.64,-0.79,-1,-1,-1,-1,
0,0,-2.21,0.38,3.97,0.57,6.09,0.11,-1,-1,-1,-1,
0,0,0.09,0.48,4.81,0.54,6.44,0.05,-1,-1,-1,-1,
0,0,-4.17,-0.29,4.51,-0.35,6.59,-0.87,-1,-1,-1,-1,
0,0,-10.93,-0.87,3.06,-1.09,5.68,-1.71,-1,-1,-1,-1,
0,0,-29.15,-1.82,-0.7,-2.21,4.35,-2.96,-1,-1,-1,-1,
0,0,-38.29,-2.07,-2.77,-2.48,3.79,-3.28,-1,-1,-1,-1,
0,0,-28.57,-1.55,-0.95,-1.84,4.67,-2.58,-1,-1,-1,-1,
0,0,-13.63,-0.74,2.33,-0.82,5.84,-1.59,-1,-1,-1,-1,
0,0,-11.02,-0.47,2.85,-0.56,5.74,-1,-1,-1,-1,-1,
0,0,-41.41,-2.75,-3.28,-3.36,3.61,-3.88,-1,-1,-1,-1,
0,0,-63.35,-4.18,-7.89,-5.11,1.88,-6.03,-1,-1,-1,-1,
0,0,-67.41,-3.44,-9.37,-4.23,1.84,-5.32,-1,-1,-1,-1,
0,0,-60.27,-2.57,-8.66,-3.13,1.58,-4.24,-1,-1,-1,-1,
0,0,-46.61,-1.98,-5.81,-2.42,2.78,-3.33,-1,-1,-1,-1,
0,0,-20.04,-0.82,-0.13,-1.01,4.93,-1.7,-1,-1,-1,-1,
0,0,-20,-0.82,-0.24,-1,4.29,-1.53,-1,-1,-1,-1,
0,0,-43.62,-3.02,-3.92,-3.69,3.82,-4.33,-1,-1,-1,-1,
0,0,-52.61,-3.56,-5.85,-4.22,3.16,-4.98,-1,-1,-1,-1,
0,0,-61.57,-3.35,-8.67,-3.92,1.51,-4.62,-1,-1,-1,-1,
0,0,-38.75,-2.01,-4.02,-2.3,2.77,-3.13,-1,-1,-1,-1,
0,0,-4.36,-0.19,2.99,-0.16,5.35,-0.78,-1,-1,-1,-1,
0,0,-8.85,0.38,2.36,0.33,5.26,-0.23,-1,-1,-1,-1,
0,0,-14.17,0.45,1.19,0.31,5.05,-0.23,-1,-1,-1,-1,
0,0,-32.47,-0.4,-2.51,-0.8,3.98,-1.43,-1,-1,-1,-1,
0,0,-90.17,-3.34,-13.82,-4.3,0.21,-5.16,-1,-1,-1,-1,
0,0,-114.99,-4.8,-18.77,-5.84,-1.95,-6.94,-1,-1,-1,-1,
0,0,-91.42,-3.52,-15.29,-4.26,-0.59,-5.29,-1,-1,-1,-1,
0,0,-54.74,-1.76,-7.85,-2.14,2.01,-2.97,-1,-1,-1,-1,
0,0,-29.06,-0.51,-2.59,-0.69,4.05,-1.52,-1,-1,-1,-1,
0,0,-36.31,-0.78,-3.23,-1.16,4.24,-1.84,-1,-1,-1,-1,
0,0,-53.65,-1.51,-7.54,-2.06,1.88,-2.89,-1,-1,-1,-1,
0,0,-73.51,-2.33,-10.3,-2.95,2,-3.78,-1,-1,-1,-1,
0,0,-59.59,-1.57,-7.45,-1.96,2.81,-2.84,-1,-1,-1,-1,
0,0,-47.07,-0.96,-5.78,-1.19,2.81,-1.98,-1,-1,-1,-1,
0,0,-31.52,-0.45,-2.17,-0.66,4.05,-1.38,-1,-1,-1,-1,
0,0,-23.63,-0.03,-0.38,-0.26,4.41,-0.83,-1,-1,-1,-1,
0,0,-29.44,-0.24,-1.68,-0.55,4.31,-1.29,-1,-1,-1,-1,
0,0,-58.35,-1.94,-7.01,-2.55,2.03,-3.31,-1,-1,-1,-1,
0,0,-83.34,-3.12,-11.87,-3.86,0.73,-4.86,-1,-1,-1,-1,
0,0,-62.26,-1.9,-8.17,-2.33,2.21,-3.17,-1,-1,-1,-1,
0,0,-40.97,-1.08,-4.05,-1.33,3.51,-2.07,-1,-1,-1,-1,
0,0,-16.51,-0.39,1.44,-0.47,5.52,-0.89,-1,-1,-1,-1,
0,0,-14.52,0.09,1.8,0.06,5.8,-0.48,-1,-1,-1,-1,
0,0,-21.29,-0.31,0.65,-0.49,5.16,-1.1,-1,-1,-1,-1,
0,0,-72.17,-3.55,-8.91,-4.33,2,-5.1,-1,-1,-1,-1,
0,0,-88.19,-4.01,-12.76,-4.91,0.22,-5.87,-1,-1,-1,-1,
0,0,-68.65,-2.62,-9.33,-3.32,2.09,-4.22,-1,-1,-1,-1,
0,0,-48.75,-1.85,-4.93,-2.44,3.97,-3.35,-1,-1,-1,-1,
0,0,-30.85,-1.13,-1.59,-1.49,4.42,-2.35,-1,-1,-1,-1,
0,0,-30.62,-0.83,-1.83,-1.17,4.23,-1.91,-1,-1,-1,-1,
0,0,-44.12,-1.82,-3.22,-2.31,4.95,-2.59,-1,-1,-1,-1,
0,0,-82.02,-4.17,-10.73,-5.13,2.45,-5.54,-1,-1,-1,-1,
0,0,-89.01,-4.18,-13.55,-5.16,0.15,-6.18,-1,-1,-1,-1,
0,0,-59.9,-2.41,-8.3,-3.06,1.73,-4.19,-1,-1,-1,-1,
0,0,-29.81,-0.81,-2.1,-1.14,4.53,-2.09,-1,-1,-1,-1,
0,0,-7.71,0.4,3.31,0.43,6.65,0.1,-1,-1,-1,-1,
0,0,-3.03,0.88,4.01,0.54,6.62,-1.17,-1,-1,-1,-1,
0,0,-5.04,0.75,4.32,0.73,7.16,0.21,-1,-1,-1,-1,
0,0,-19.84,-0.5,1.85,-0.74,6.08,-1.26,-1,-1,-1,-1,
0,0,-53.69,-2.79,-4.73,-3.49,3.86,-4.16,-1,-1,-1,-1,
0,0,-63.25,-3.12,-6.62,-3.93,3.26,-4.69,-1,-1,-1,-1,
0,0,-52.08,-2.66,-5.3,-3.36,3.61,-4.21,-1,-1,-1,-1,
0,0,-23.75,-1.48,0.08,-1.76,5.21,-2.58,-1,-1,-1,-1,
0,0,-6.56,-0.28,3.98,-0.36,6.99,-0.87,-1,-1,-1,-1,
0,0,-12.45,-0.3,3.08,-0.42,7.12,-0.8,-1,-1,-1,-1,
0,0,-18.38,-0.95,2.34,-1.24,6.83,-1.71,-1,-1,-1,-1,
0,0,-38.19,-2.39,-1.38,-2.93,5.17,-3.55,-1,-1,-1,-1,
0,0,-25.53,-1.08,0.72,-1.24,6.18,-1.63,-1,-1,-1,-1,
0,0,-6.58,0.23,4.37,0.23,6.83,-0.3,-1,-1,-1,-1,
0,0,12.41,1.33,8.86,1.59,8.62,1.04,77.06,3.87,0.1,7.6,
0,0,14.8,1.6,9.25,1.95,8.89,1.55,129.97,2.62,0.1,11,
0,0,21.93,1.64,11.6,2.01,10.1,1.78,603.99,0.24,0,14.7,
0,0,13.12,0.6,10.34,0.73,8.96,0.53,64.75,3.49,0.2,4.2,
0,0,-21.87,-2.03,3.39,-2.5,7.09,-3.05,-1,-1,-1,-1,
0,0,-18.93,-1.77,3.26,-2.21,6.61,-2.94,-1,-1,-1,-1,
0,0,-8.95,-1.01,4.6,-1.25,7.13,-1.9,-1,-1,-1,-1,
0,0,8.63,0.09,8.21,0.13,8.48,-0.41,8.61,6.61,2,1.7,
0,0,9.49,0.76,8.56,0.86,8.75,0.33,21.8,6.2,0.2,3.9,
0,0,2.54,0.45,7.08,0.4,8.37,-0.17,0.3,36.18,4.8,37.3,
0,0,-17.33,-0.74,3.2,-1.08,6.65,-1.61,-1,-1,-1,-1,
0,0,-44.04,-2.34,-2.49,-2.89,5.34,-3.53,-1,-1,-1,-1,
0,0,-49.79,-2.39,-4.09,-2.93,4.2,-3.63,-1,-1,-1,-1,
0,0,-32.15,-1.23,-0.82,-1.55,5.07,-2.37,-1,-1,-1,-1,
0,0,-3.15,0.23,5.16,0.24,7.51,-0.39,-1,-1,-1,-1,
0,0,9.83,1.24,8.18,1.43,9.15,1.04,18.91,6.48,0.3,7.7,
0,0,5.4,1.22,7.18,1.39,8.47,1.01,0.8,16,2,8,
0,0,10.6,1.29,9.02,1.52,8.85,1.25,45.36,5.23,0.2,6.4,
0,0,10.48,0.83,9.65,1.04,9.49,0.89,23.65,6.72,0.2,3.3,
0,0,-2.59,0,6.76,0.06,7.61,-0.26,-1,-1,-1,-1,
0,0,5.52,0.58,8.35,0.79,9.11,0.41,0.86,17.21,2,8.4,
0,0,17.58,1.44,10.69,1.79,10.1,1.43,218.26,1.19,0.1,13.5,
0,0,15.04,1.59,10,1.93,9.55,1.71,139.62,2.82,0.1,9.9,
0,0,9.16,1.28,8.88,1.52,9.14,1.19,9.28,7.12,2,1.2,
0,0,7.67,1.12,8.99,1.31,9.23,0.95,2.51,10.03,0.6,7.5,
0,0,18.22,1.48,12.27,1.87,11.06,1.75,126.41,2.68,0.1,6.1,
0,0,7.9,0.97,9.05,1.29,9.12,1.07,5.28,8.83,0.4,3.4,
0,0,9.9,0.97,9.54,1.34,9.21,1.03,22.95,6.53,0.2,4.7,
0,0,26.37,1.55,13.12,2.03,10.89,1.77,889.76,0.18,0,16.2,
0,0,37.57,2.1,15.03,2.67,11.37,2.67,1543.92,0.19,0,25.4,
0,0,22.65,0.82,12.84,1.07,10.8,1.07,356.49,0.54,0.1,13.2,
0,0,8.49,-0.13,10.78,0.01,11.13,0,3.54,12.67,0.7,7.9,
0,0,2.39,-0.25,8.32,-0.11,9.23,-0.45,1.09,544.98,12,43.4,
0,0,-0.88,0.09,7.3,0.22,8.89,-0.24,-1,-1,-1,-1,
0,0,9.11,0.88,9.53,1.07,9.42,0.64,9.57,7.34,2,1.7,
0,0,26.29,1.85,12.62,2.31,11.11,2.1,621.7,0.28,0,14.7,
0,0,29.45,2.05,13.11,2.52,11.18,2.64,812.99,0.28,0,19.4,
0,0,6.26,0.47,9.27,0.5,9.52,0.49,1.24,13.27,1.1,13.4,
0,0,-4.89,-0.4,7.05,-0.49,8.72,-0.87,-1,-1,-1,-1,
0,0,-16.73,-1.66,4.31,-1.91,7.81,-2.46,-1,-1,-1,-1,
0,0,-15.66,-1.26,4.1,-1.49,7.6,-2.1,-1,-1,-1,-1,
0,0,9.51,0.73,8.33,0.9,8.78,0.47,21.88,6.22,0.2,5,
0,0,23.41,1.65,11.22,2.07,10.15,1.84,606.98,0.24,0,14.5,
0,0,28.59,1.56,12.83,1.93,11.17,1.94,812.26,0.28,0,17.9,
0,0,7.74,-0.5,9.64,-0.55,8.86,-0.84,9.1,7.74,1.2,8.8,
0,0,-9.67,-1.16,5.62,-1.3,8,-2.03,-1,-1,-1,-1,
0,0,22.21,1.58,12.56,2.02,11.63,1.62,383.88,0.58,0.1,11.9,
0,0,34.52,2.74,13.69,3.33,10.29,3.31,1795.47,0.09,0,31.6,
0,0,20.73,2,11.56,2.45,10.21,2.48,337.01,0.51,0.1,11,
0,0,23.96,1.8,13.09,2.21,11.21,2.21,627.3,0.28,0,15.2,
0,0,34.77,2,15.29,2.48,12.16,2.5,1224.79,0.2,0,17.7,
0,0,-11.83,-1.13,7.04,-1.33,8.92,-1.43,-1,-1,-1,-1,
0,0,-43.77,-2.82,-0.55,-3.42,5.65,-4,-1,-1,-1,-1,
0,0,-17.39,-1.16,4.15,-1.27,7.44,-1.83,-1,-1,-1,-1,
0,0,12.75,0.81,9.52,1.11,9.46,0.73,84.57,4.25,0.1,8,
0,0,4.77,0.91,8.38,1.15,9.26,0.9,0.55,29.2,3.6,15.5,
0,0,5.35,1.05,8.41,1.28,9.24,1.08,0.65,23.9,3,10.7,
0,0,13.82,1.03,11.03,1.25,10.64,1.05,47.98,6.32,0.2,6.9,
0,0,-18.54,-0.68,4.73,-0.92,8.43,-1.3,-1,-1,-1,-1,
0,0,-40.33,-1.48,-0.26,-1.94,6.15,-2.74,-1,-1,-1,-1,
0,0,-34.46,-1.27,0.83,-1.59,6.19,-2.23,-1,-1,-1,-1,
0,0,-34.91,-1.5,0.88,-1.77,6.48,-2.65,-1,-1,-1,-1,
0,0,-24.65,-0.6,2.57,-0.62,6.52,-1.23,-1,-1,-1,-1,
0,0,-26.34,-0.39,1.94,-0.43,6.19,-0.89,-1,-1,-1,-1,
0,0,-28.8,-0.55,1.27,-0.65,5.84,-1,-1,-1,-1,-1,
0,0,-47.64,-1.59,-1.53,-1.94,5.02,-2.37,-1,-1,-1,-1,
0,0,-73.5,-2.42,-7.73,-2.98,2.48,-3.59,-1,-1,-1,-1,
0,0,-83.09,-2.94,-9.3,-3.51,2.68,-4.53,-1,-1,-1,-1,
0,0,-96.87,-3.64,-11.57,-4.22,2.17,-5.53,-1,-1,-1,-1,
0,0,-75.71,-2.61,-7.05,-2.74,3.68,-3.64,-1,-1,-1,-1,
0,0,-68.46,-2.08,-9.92,-2.47,0.75,-3.04,-1,-1,-1,-1,
0,0,-61.92,-2.08,-5.36,-2.61,6.68,-2.9,-1,-1,-1,-1,
0,0,-100.91,-4.08,-13.04,-5.29,5.93,-5.73,-1,-1,-1,-1,
0,0,-116.48,-3.83,-18.28,-5.15,2.69,-5.94,-1,-1,-1,-1,
0,0,-94.52,-3.19,-12.07,-4.25,6.28,-5.04,-1,-1,-1,-1,
0,0,-113.09,-4.92,-10.76,-5.84,13.02,-5.93,-1,-1,-1,-1,
0,0,-109.14,-5.06,-7.44,-5.79,18.86,-5.15,-1,-1,-1,-1,
0,0,-60.76,-2.42,-0.5,-2.96,20.51,-2.51,-1,-1,-1,-1,
0,0,-16.21,0.27,8.16,0.12,24.78,1.18,-1,-1,-1,-1,
0,0,-5.07,0.82,12.56,0.85,28.37,2.31,-1,-1,-1,-1,
0,0,-0.68,0.63,19.06,0.88,37.85,3.07,-1,-1,-1,-1,
0,0,5.72,0.77,24.84,1.07,47.12,3.65,0,306.14,5.8,66,
0,0,12.09,1.06,26.85,1.49,48.98,4.44,1.14,534.4,5.6,34.8,
0,0,14.76,1.15,28.29,1.5,51.99,4.49,0.88,438.53,5,31.8,
0,0,14.64,1.04,26.84,1.26,49.66,3.76,0.84,418.88,5,33,
0,0,15.91,1.03,25.22,1.41,47.99,3.92,0.71,395.38,5,29,
0,0,14.59,1.01,23.49,1.32,43.5,3.72,0.73,371.51,5,28.8,
0,0,15.53,1.05,25.75,1.44,46.94,4.16,0.79,400.89,5,27.3,
0,0,22.14,1.2,27.8,1.69,48.97,4.68,10.33,103.27,3,18.8,
0,0,27.15,1.44,26.82,1.94,45.58,4.6,2.5,211.26,3.7,15.5,
0,0,32.01,1.71,30.77,2.29,49.75,5.23,2.83,244.65,3.6,9.6,
0,0,43.26,1.97,47.55,2.89,70.55,6.99,2.95,349.86,3.1,8,
0,0,48.02,2.24,52,3.3,75.98,7.47,3.18,376.78,3.1,6.9,
0,0,48.81,2.45,55.18,3.58,79.36,8.16,3.32,393.55,3.1,7.5,
0,0,44.49,2.39,55.05,3.49,81.53,8.4,1.04,473.76,3,11.6,
0,0,20.4,2.1,40.73,2.75,68.14,7.13,2.55,402.25,4,34.8,
0,0,18.14,2.01,40.66,2.58,67.39,6.57,2.52,397.82,4,34.2,
0,0,25.53,1.98,49.13,2.65,77.45,6.38,1.74,439.27,3.8,28.2,
0,0,16.92,1.7,50.11,2.48,79.3,6.59,0.83,450.24,4,43.7,
0,0,3.83,1.32,38.17,1.83,65.54,5.1,-1,-1,-1,-1,
0,0,-1.62,1.19,28.89,1.52,51.51,4.14,-1,-1,-1,-1,
0,0,-5.16,1.02,27.53,1.43,50.4,4.09,-1,-1,-1,-1,
0,0,-13.38,0.56,26.54,0.8,51.98,3.24,-1,-1,-1,-1,
0,0,-6.27,0.78,30.93,1.25,57.13,4.35,-1,-1,-1,-1,
0,0,7.31,1.28,39.79,1.99,67.6,5.68,-1,-1,-1,-1,
0,0,18.27,1.51,43.9,2.38,73.78,6.47,0.77,402.69,4.1,36.9,
0,0,18.66,1.44,32.14,1.79,56.23,5.06,0.95,480.23,5,27.9,
0,0,28.45,1.65,30.21,1.78,50.02,4.56,2.95,245.87,3.6,11.2,
0,0,32.33,1.77,31.29,2.06,50.1,5.25,2.85,246.37,3.6,9.4,
0,0,33.76,1.78,34.63,2.08,55.68,5.67,3.17,273.81,3.6,10.8,
0,0,32.16,1.63,35.87,1.98,59.57,5.74,3.29,305.82,3.3,13.8,
0,0,31.12,1.54,36.07,2.02,61.94,5.97,3.89,298.55,3.6,14.6,
0,0,32.62,1.64,37.62,2.12,61.83,5.82,4.62,263.38,3.2,15.4,
0,0,35.02,1.74,39.6,2.29,63.66,6.26,3.52,326.82,3.3,11.6,
0,0,34.13,1.75,38.38,2.25,62.93,6.52,3.48,323.07,3.3,12.8,
0,0,26.76,1.45,31.26,0.81,51.54,1.46,2.83,234,3.5,14.9,
0,0,30.34,1.61,35.37,1.97,60.95,6.29,3.82,293.78,3.6,14.8,
0,0,31.95,1.64,37.87,2.01,62.94,6.07,4.7,268.11,3.2,14.4,
0,0,31.49,1.61,36.95,2.03,62.85,6.16,3.94,302.94,3.6,14.8,
0,0,31.29,1.59,36.29,2.01,62.13,6.33,3.9,299.47,3.6,14.8,
0,0,31.57,1.57,37.08,1.94,63.94,6.39,4.01,308.19,3.6,14.8,
0,0,31.57,1.59,37.6,1.95,64.52,6.17,4.05,310.99,3.6,15.2,
0,0,31.67,1.6,38.94,2.17,66.25,6.6,4.16,319.33,3.6,16.1,
0,0,29.01,1.53,35.97,2.01,62.84,6.16,0.85,413.59,3.8,16.9,
0,0,,,,,,,,,,,
0,0,64.93,1.81,70.88,3.92,108.31,10.64,1.38,666.41,3.1,14.5,
0,0,62.41,1.78,68.16,3.73,106.25,10.43,1.24,587.04,3,14.1,
0,0,63.92,1.79,71.14,3.9,110.9,11.08,1.29,612.73,3,14.2,
0,0,63.17,1.78,70.9,3.85,112.48,11.17,1.31,621.46,3,13.4,
0,0,62.13,1.76,70.59,3.79,113.76,11.31,1.32,628.53,3,15,
0,0,60.81,1.74,68.95,3.79,112.68,11.27,1.31,622.56,3,15.7,
0,0,59.2,1.75,67.13,3.77,110.77,11.57,1.29,612.01,3,16.1,
0,0,58.42,1.76,67.15,3.85,111.6,11.84,6.5,633.13,3.1,19.1,
0,0,59.24,1.75,68.45,3.83,114.3,11.8,5.49,601.94,2.7,20.2,
0,0,61.45,1.76,69.55,3.64,117.56,12.02,4.85,770.78,3,20.6,
0,0,61.52,1.76,63.27,1.53,117.25,11.72,4.84,768.75,3,20.6,
0,0,61.59,1.76,67.34,2.67,116.6,11.38,4.81,764.49,3,20.3,
0,0,60.32,1.76,67.94,4.05,111.02,11.31,1.29,613.39,3,15.2,
0,0,60.96,1.76,68.42,4.03,110.31,11.27,1.28,609.47,3,14.1,
0,0,61.48,1.77,68.99,3.91,109.83,10.97,1.28,606.81,3,13.2,
0,0,62.1,1.76,68.88,3.89,109.14,10.86,1.27,603,3,13.1,
0,0,61.68,1.76,68.52,3.84,107.97,10.71,1.26,596.54,3,13.1,
0,0,62.54,1.78,69.42,3.87,109.84,11.01,1.28,606.87,3,13.2,
0,0,61.5,1.79,68.08,3.83,108.65,11.09,1.27,600.3,3,13,
0,0,61.88,1.79,68.75,3.83,109.77,11.3,1.28,606.48,3,13.1,
0,0,61.9,1.81,68.91,3.87,110.79,11.43,1.29,612.12,3,13.7,
0,0,62.27,1.81,69.63,3.86,112.13,11.27,1.31,619.52,3,14.2,
0,0,63.31,1.8,71.04,3.82,113.41,11.2,1.32,626.59,3,13.9,
0,0,64.11,1.82,72.2,3.94,115.25,11.49,1.12,565.8,2.6,14.8,
0,0,64.29,1.81,71.8,3.91,114.98,11.57,1.12,564.47,2.6,14.8,
0,0,63.57,1.8,71.07,3.89,113.72,11.33,1.32,628.31,3,14,
0,0,63.47,1.81,71.14,3.94,113.84,11.48,1.33,628.97,3,14.1,
0,0,63.05,1.8,70.56,3.9,112.68,11.36,1.31,622.56,3,13.7,
0,0,62.66,1.8,70.13,3.96,112.84,11.63,1.31,623.45,3,14.3,
0,0,62.57,1.78,70.04,3.8,113.81,10.96,1.33,628.8,3,15.1,
0,0,62.92,1.79,70.47,3.82,114.36,11.39,1.12,561.43,2.6,15.9,
0,0,64.1,1.82,72.23,4.03,116.66,11.84,1.14,572.72,2.6,15.3,
0,0,64.51,1.85,72.62,4.1,117.22,12.21,1.14,575.47,2.6,15.2,
0,0,64.81,1.83,73.08,4.05,117.16,12.05,1.14,575.17,2.6,14.8,
0,0,64.25,1.85,72.38,4.15,115.64,12.39,1.13,567.71,2.6,14.8,
0,0,66,1.84,74.37,4.01,117.52,11.82,1.15,576.94,2.6,13.8,
0,0,65.24,1.82,73.1,3.91,116.05,11.29,1.13,569.72,2.6,14.1,
0,0,63.79,1.83,71.19,3.99,112.79,11.48,1.31,623.17,3,13.4,
0,0,62.79,1.81,69.72,3.9,110.4,11.15,1.29,609.96,3,13.2,
0,0,63.72,1.8,70.67,3.91,110.88,11.13,1.29,612.62,3,13.9,
0,0,66.29,1.82,73.68,4.02,114.11,11.38,1.11,560.2,2.6,16.1,
0,0,65.92,1.79,73.37,3.88,113.91,10.71,1.11,559.22,2.6,15.9,
0,0,64.65,1.78,72.61,4.02,111.4,10.89,1.3,615.49,3,15,
0,0,64.23,1.79,73.01,4.1,111.94,11.26,1.3,618.47,3,14.8,
0,0,63.8,1.78,72.23,4.08,113.45,11.51,1.32,626.82,3,13.7,
0,0,61.35,1.78,69.75,3.98,111.43,11.65,1.3,615.65,3,14.1,
0,0,60.28,1.76,67.59,3.57,112.93,11.17,1.32,623.94,3,16.9,
0,0,85.49,2.19,76.98,3.8,107.8,10.54,3.42,605.76,2.8,10.8,
0,0,85.64,2.19,79.99,4.11,108.81,10.74,3.46,611.43,2.8,12.2,
0,0,85.17,2.2,80.09,4.15,109.34,10.94,3.47,614.41,2.8,12.5,
0,0,84.43,2.2,81.41,3.68,109.15,11.08,3.47,613.34,2.8,13.2,
0,0,83.52,2.17,82.44,3.45,108.94,10.58,12.34,738.33,3,9.5,
0,0,83.54,2.18,84.94,3.7,110.12,11.19,12.47,746.33,3,9.4,
